/*********************************************************************
*  Copyright (c) 2017 - for information on the respective copyright
*  owner see the NOTICE file and/or the repository
*
*      https://github.com/hbanzhaf/steering_functions.git
*
*  Licensed under the Apache License, Version 2.0 (the "License");
*  you may not use this file except in compliance with the License.
*  You may obtain a copy of the License at
*
*      http://www.apache.org/licenses/LICENSE-2.0
*
*  Unless required by applicable law or agreed to in writing, software
*  distributed under the License is distributed on an "AS IS" BASIS,
*  WITHOUT WARRANTIES OR CONDITIONS OF ANY KIND, either express or
*  implied. See the License for the specific language governing
*  permissions and limitations under the License.

*  This source code is derived from Continuous Curvature (CC) Steer.
*  Copyright (c) 2016, Thierry Fraichard and Institut national de
*  recherche en informatique et en automatique (Inria), licensed under
*  the BSD license, cf. 3rd-party-licenses.txt file in the root
*  directory of this source tree.
**********************************************************************/

// Description: Table with Fresnel integrals (FresnelC and FresnelS) on interval [0, Fresnel_Length]. Fresnel_Samples contains the different samples.

static const double Fresnel_Length = 2; 
static const int Fresnel_Samples = 4130; // precision approx. 0.00048

typedef double Fresnel[Fresnel_Samples]; 

static const Fresnel FresnelC = {0, 0.00048438, 0.00096876, 0.0014531, 0.0019375, 0.0024219, 0.0029063, 0.0033907, 0.003875, 0.0043594, 0.0048438, 0.0053282, 0.0058125, 0.0062969, 0.0067813, 0.0072657, 0.0077501, 0.0082344, 0.0087188, 0.0092032, 0.0096876, 0.010172, 0.010656, 0.011141, 0.011625, 0.012109, 0.012594, 0.013078, 0.013563, 0.014047, 0.014531, 0.015016, 0.0155, 0.015984, 0.016469, 0.016953, 0.017438, 0.017922, 0.018406, 0.018891, 0.019375, 0.01986, 0.020344, 0.020828, 0.021313, 0.021797, 0.022281, 0.022766, 0.02325, 0.023735, 0.024219, 0.024703, 0.025188, 0.025672, 0.026156, 0.026641, 0.027125, 0.02761, 0.028094, 0.028578, 0.029063, 0.029547, 0.030031, 0.030516, 0.031, 0.031485, 0.031969, 0.032453, 0.032938, 0.033422, 0.033907, 0.034391, 0.034875, 0.03536, 0.035844, 0.036328, 0.036813, 0.037297, 0.037782, 0.038266, 0.03875, 0.039235, 0.039719, 0.040203, 0.040688, 0.041172, 0.041657, 0.042141, 0.042625, 0.04311, 0.043594, 0.044078, 0.044563, 0.045047, 0.045532, 0.046016, 0.0465, 0.046985, 0.047469, 0.047953, 0.048438, 0.048922, 0.049407, 0.049891, 0.050375, 0.05086, 0.051344, 0.051828, 0.052313, 0.052797, 0.053282, 0.053766, 0.05425, 0.054735, 0.055219, 0.055703, 0.056188, 0.056672, 0.057157, 0.057641, 0.058125, 0.05861, 0.059094, 0.059578, 0.060063, 0.060547, 0.061032, 0.061516, 0.062, 0.062485, 0.062969, 0.063453, 0.063938, 0.064422, 0.064906, 0.065391, 0.065875, 0.06636, 0.066844, 0.067328, 0.067813, 0.068297, 0.068781, 0.069266, 0.06975, 0.070235, 0.070719, 0.071203, 0.071688, 0.072172, 0.072656, 0.073141, 0.073625, 0.074109, 0.074594, 0.075078, 0.075562, 0.076047, 0.076531, 0.077016, 0.0775, 0.077984, 0.078469, 0.078953, 0.079437, 0.079922, 0.080406, 0.08089, 0.081375, 0.081859, 0.082343, 0.082828, 0.083312, 0.083797, 0.084281, 0.084765, 0.08525, 0.085734, 0.086218, 0.086703, 0.087187, 0.087671, 0.088156, 0.08864, 0.089124, 0.089609, 0.090093, 0.090577, 0.091062, 0.091546, 0.09203, 0.092515, 0.092999, 0.093483, 0.093968, 0.094452, 0.094936, 0.095421, 0.095905, 0.096389, 0.096874, 0.097358, 0.097842, 0.098327, 0.098811, 0.099295, 0.09978, 0.10026, 0.10075, 0.10123, 0.10172, 0.1022, 0.10269, 0.10317, 0.10365, 0.10414, 0.10462, 0.10511, 0.10559, 0.10608, 0.10656, 0.10704, 0.10753, 0.10801, 0.1085, 0.10898, 0.10947, 0.10995, 0.11043, 0.11092, 0.1114, 0.11189, 0.11237, 0.11286, 0.11334, 0.11382, 0.11431, 0.11479, 0.11528, 0.11576, 0.11625, 0.11673, 0.11721, 0.1177, 0.11818, 0.11867, 0.11915, 0.11964, 0.12012, 0.1206, 0.12109, 0.12157, 0.12206, 0.12254, 0.12303, 0.12351, 0.12399, 0.12448, 0.12496, 0.12545, 0.12593, 0.12641, 0.1269, 0.12738, 0.12787, 0.12835, 0.12884, 0.12932, 0.1298, 0.13029, 0.13077, 0.13126, 0.13174, 0.13223, 0.13271, 0.13319, 0.13368, 0.13416, 0.13465, 0.13513, 0.13561, 0.1361, 0.13658, 0.13707, 0.13755, 0.13804, 0.13852, 0.139, 0.13949, 0.13997, 0.14046, 0.14094, 0.14142, 0.14191, 0.14239, 0.14288, 0.14336, 0.14385, 0.14433, 0.14481, 0.1453, 0.14578, 0.14627, 0.14675, 0.14723, 0.14772, 0.1482, 0.14869, 0.14917, 0.14965, 0.15014, 0.15062, 0.15111, 0.15159, 0.15207, 0.15256, 0.15304, 0.15353, 0.15401, 0.1545, 0.15498, 0.15546, 0.15595, 0.15643, 0.15692, 0.1574, 0.15788, 0.15837, 0.15885, 0.15934, 0.15982, 0.1603, 0.16079, 0.16127, 0.16176, 0.16224, 0.16272, 0.16321, 0.16369, 0.16417, 0.16466, 0.16514, 0.16563, 0.16611, 0.16659, 0.16708, 0.16756, 0.16805, 0.16853, 0.16901, 0.1695, 0.16998, 0.17047, 0.17095, 0.17143, 0.17192, 0.1724, 0.17289, 0.17337, 0.17385, 0.17434, 0.17482, 0.1753, 0.17579, 0.17627, 0.17676, 0.17724, 0.17772, 0.17821, 0.17869, 0.17917, 0.17966, 0.18014, 0.18063, 0.18111, 0.18159, 0.18208, 0.18256, 0.18304, 0.18353, 0.18401, 0.1845, 0.18498, 0.18546, 0.18595, 0.18643, 0.18691, 0.1874, 0.18788, 0.18836, 0.18885, 0.18933, 0.18982, 0.1903, 0.19078, 0.19127, 0.19175, 0.19223, 0.19272, 0.1932, 0.19368, 0.19417, 0.19465, 0.19513, 0.19562, 0.1961, 0.19659, 0.19707, 0.19755, 0.19804, 0.19852, 0.199, 0.19949, 0.19997, 0.20045, 0.20094, 0.20142, 0.2019, 0.20239, 0.20287, 0.20335, 0.20384, 0.20432, 0.2048, 0.20529, 0.20577, 0.20625, 0.20674, 0.20722, 0.2077, 0.20819, 0.20867, 0.20915, 0.20964, 0.21012, 0.2106, 0.21109, 0.21157, 0.21205, 0.21254, 0.21302, 0.2135, 0.21398, 0.21447, 0.21495, 0.21543, 0.21592, 0.2164, 0.21688, 0.21737, 0.21785, 0.21833, 0.21882, 0.2193, 0.21978, 0.22026, 0.22075, 0.22123, 0.22171, 0.2222, 0.22268, 0.22316, 0.22364, 0.22413, 0.22461, 0.22509, 0.22558, 0.22606, 0.22654, 0.22702, 0.22751, 0.22799, 0.22847, 0.22896, 0.22944, 0.22992, 0.2304, 0.23089, 0.23137, 0.23185, 0.23233, 0.23282, 0.2333, 0.23378, 0.23426, 0.23475, 0.23523, 0.23571, 0.23619, 0.23668, 0.23716, 0.23764, 0.23812, 0.23861, 0.23909, 0.23957, 0.24005, 0.24054, 0.24102, 0.2415, 0.24198, 0.24247, 0.24295, 0.24343, 0.24391, 0.2444, 0.24488, 0.24536, 0.24584, 0.24632, 0.24681, 0.24729, 0.24777, 0.24825, 0.24873, 0.24922, 0.2497, 0.25018, 0.25066, 0.25114, 0.25163, 0.25211, 0.25259, 0.25307, 0.25355, 0.25404, 0.25452, 0.255, 0.25548, 0.25596, 0.25645, 0.25693, 0.25741, 0.25789, 0.25837, 0.25885, 0.25934, 0.25982, 0.2603, 0.26078, 0.26126, 0.26174, 0.26223, 0.26271, 0.26319, 0.26367, 0.26415, 0.26463, 0.26511, 0.2656, 0.26608, 0.26656, 0.26704, 0.26752, 0.268, 0.26848, 0.26897, 0.26945, 0.26993, 0.27041, 0.27089, 0.27137, 0.27185, 0.27233, 0.27281, 0.2733, 0.27378, 0.27426, 0.27474, 0.27522, 0.2757, 0.27618, 0.27666, 0.27714, 0.27762, 0.2781, 0.27859, 0.27907, 0.27955, 0.28003, 0.28051, 0.28099, 0.28147, 0.28195, 0.28243, 0.28291, 0.28339, 0.28387, 0.28435, 0.28483, 0.28531, 0.28579, 0.28627, 0.28675, 0.28723, 0.28772, 0.2882, 0.28868, 0.28916, 0.28964, 0.29012, 0.2906, 0.29108, 0.29156, 0.29204, 0.29252, 0.293, 0.29348, 0.29396, 0.29444, 0.29492, 0.2954, 0.29588, 0.29636, 0.29683, 0.29731, 0.29779, 0.29827, 0.29875, 0.29923, 0.29971, 0.30019, 0.30067, 0.30115, 0.30163, 0.30211, 0.30259, 0.30307, 0.30355, 0.30403, 0.30451, 0.30499, 0.30546, 0.30594, 0.30642, 0.3069, 0.30738, 0.30786, 0.30834, 0.30882, 0.3093, 0.30978, 0.31025, 0.31073, 0.31121, 0.31169, 0.31217, 0.31265, 0.31313, 0.31361, 0.31408, 0.31456, 0.31504, 0.31552, 0.316, 0.31648, 0.31695, 0.31743, 0.31791, 0.31839, 0.31887, 0.31935, 0.31982, 0.3203, 0.32078, 0.32126, 0.32174, 0.32221, 0.32269, 0.32317, 0.32365, 0.32412, 0.3246, 0.32508, 0.32556, 0.32603, 0.32651, 0.32699, 0.32747, 0.32794, 0.32842, 0.3289, 0.32938, 0.32985, 0.33033, 0.33081, 0.33129, 0.33176, 0.33224, 0.33272, 0.33319, 0.33367, 0.33415, 0.33462, 0.3351, 0.33558, 0.33605, 0.33653, 0.33701, 0.33748, 0.33796, 0.33844, 0.33891, 0.33939, 0.33987, 0.34034, 0.34082, 0.3413, 0.34177, 0.34225, 0.34272, 0.3432, 0.34368, 0.34415, 0.34463, 0.3451, 0.34558, 0.34605, 0.34653, 0.34701, 0.34748, 0.34796, 0.34843, 0.34891, 0.34938, 0.34986, 0.35033, 0.35081, 0.35128, 0.35176, 0.35224, 0.35271, 0.35319, 0.35366, 0.35413, 0.35461, 0.35508, 0.35556, 0.35603, 0.35651, 0.35698, 0.35746, 0.35793, 0.35841, 0.35888, 0.35936, 0.35983, 0.3603, 0.36078, 0.36125, 0.36173, 0.3622, 0.36267, 0.36315, 0.36362, 0.3641, 0.36457, 0.36504, 0.36552, 0.36599, 0.36646, 0.36694, 0.36741, 0.36788, 0.36836, 0.36883, 0.3693, 0.36978, 0.37025, 0.37072, 0.37119, 0.37167, 0.37214, 0.37261, 0.37309, 0.37356, 0.37403, 0.3745, 0.37498, 0.37545, 0.37592, 0.37639, 0.37686, 0.37734, 0.37781, 0.37828, 0.37875, 0.37922, 0.3797, 0.38017, 0.38064, 0.38111, 0.38158, 0.38205, 0.38253, 0.383, 0.38347, 0.38394, 0.38441, 0.38488, 0.38535, 0.38582, 0.38629, 0.38677, 0.38724, 0.38771, 0.38818, 0.38865, 0.38912, 0.38959, 0.39006, 0.39053, 0.391, 0.39147, 0.39194, 0.39241, 0.39288, 0.39335, 0.39382, 0.39429, 0.39476, 0.39523, 0.3957, 0.39617, 0.39664, 0.39711, 0.39757, 0.39804, 0.39851, 0.39898, 0.39945, 0.39992, 0.40039, 0.40086, 0.40133, 0.40179, 0.40226, 0.40273, 0.4032, 0.40367, 0.40414, 0.4046, 0.40507, 0.40554, 0.40601, 0.40647, 0.40694, 0.40741, 0.40788, 0.40835, 0.40881, 0.40928, 0.40975, 0.41021, 0.41068, 0.41115, 0.41161, 0.41208, 0.41255, 0.41301, 0.41348, 0.41395, 0.41441, 0.41488, 0.41535, 0.41581, 0.41628, 0.41674, 0.41721, 0.41768, 0.41814, 0.41861, 0.41907, 0.41954, 0.42, 0.42047, 0.42093, 0.4214, 0.42186, 0.42233, 0.42279, 0.42326, 0.42372, 0.42419, 0.42465, 0.42512, 0.42558, 0.42605, 0.42651, 0.42697, 0.42744, 0.4279, 0.42837, 0.42883, 0.42929, 0.42976, 0.43022, 0.43068, 0.43115, 0.43161, 0.43207, 0.43253, 0.433, 0.43346, 0.43392, 0.43439, 0.43485, 0.43531, 0.43577, 0.43623, 0.4367, 0.43716, 0.43762, 0.43808, 0.43854, 0.43901, 0.43947, 0.43993, 0.44039, 0.44085, 0.44131, 0.44177, 0.44223, 0.44269, 0.44316, 0.44362, 0.44408, 0.44454, 0.445, 0.44546, 0.44592, 0.44638, 0.44684, 0.4473, 0.44776, 0.44822, 0.44867, 0.44913, 0.44959, 0.45005, 0.45051, 0.45097, 0.45143, 0.45189, 0.45235, 0.4528, 0.45326, 0.45372, 0.45418, 0.45464, 0.4551, 0.45555, 0.45601, 0.45647, 0.45693, 0.45738, 0.45784, 0.4583, 0.45875, 0.45921, 0.45967, 0.46012, 0.46058, 0.46104, 0.46149, 0.46195, 0.46241, 0.46286, 0.46332, 0.46377, 0.46423, 0.46468, 0.46514, 0.4656, 0.46605, 0.46651, 0.46696, 0.46742, 0.46787, 0.46832, 0.46878, 0.46923, 0.46969, 0.47014, 0.4706, 0.47105, 0.4715, 0.47196, 0.47241, 0.47286, 0.47332, 0.47377, 0.47422, 0.47467, 0.47513, 0.47558, 0.47603, 0.47648, 0.47694, 0.47739, 0.47784, 0.47829, 0.47874, 0.4792, 0.47965, 0.4801, 0.48055, 0.481, 0.48145, 0.4819, 0.48235, 0.4828, 0.48325, 0.4837, 0.48415, 0.4846, 0.48505, 0.4855, 0.48595, 0.4864, 0.48685, 0.4873, 0.48775, 0.4882, 0.48865, 0.4891, 0.48954, 0.48999, 0.49044, 0.49089, 0.49134, 0.49178, 0.49223, 0.49268, 0.49313, 0.49357, 0.49402, 0.49447, 0.49492, 0.49536, 0.49581, 0.49625, 0.4967, 0.49715, 0.49759, 0.49804, 0.49848, 0.49893, 0.49937, 0.49982, 0.50026, 0.50071, 0.50115, 0.5016, 0.50204, 0.50249, 0.50293, 0.50338, 0.50382, 0.50426, 0.50471, 0.50515, 0.50559, 0.50604, 0.50648, 0.50692, 0.50736, 0.50781, 0.50825, 0.50869, 0.50913, 0.50958, 0.51002, 0.51046, 0.5109, 0.51134, 0.51178, 0.51222, 0.51266, 0.5131, 0.51354, 0.51398, 0.51442, 0.51486, 0.5153, 0.51574, 0.51618, 0.51662, 0.51706, 0.5175, 0.51794, 0.51838, 0.51882, 0.51925, 0.51969, 0.52013, 0.52057, 0.52101, 0.52144, 0.52188, 0.52232, 0.52275, 0.52319, 0.52363, 0.52406, 0.5245, 0.52494, 0.52537, 0.52581, 0.52624, 0.52668, 0.52711, 0.52755, 0.52798, 0.52842, 0.52885, 0.52929, 0.52972, 0.53016, 0.53059, 0.53102, 0.53146, 0.53189, 0.53232, 0.53276, 0.53319, 0.53362, 0.53405, 0.53449, 0.53492, 0.53535, 0.53578, 0.53621, 0.53664, 0.53708, 0.53751, 0.53794, 0.53837, 0.5388, 0.53923, 0.53966, 0.54009, 0.54052, 0.54095, 0.54138, 0.54181, 0.54223, 0.54266, 0.54309, 0.54352, 0.54395, 0.54438, 0.5448, 0.54523, 0.54566, 0.54608, 0.54651, 0.54694, 0.54737, 0.54779, 0.54822, 0.54864, 0.54907, 0.54949, 0.54992, 0.55035, 0.55077, 0.55119, 0.55162, 0.55204, 0.55247, 0.55289, 0.55332, 0.55374, 0.55416, 0.55459, 0.55501, 0.55543, 0.55585, 0.55628, 0.5567, 0.55712, 0.55754, 0.55796, 0.55838, 0.55881, 0.55923, 0.55965, 0.56007, 0.56049, 0.56091, 0.56133, 0.56175, 0.56217, 0.56259, 0.563, 0.56342, 0.56384, 0.56426, 0.56468, 0.5651, 0.56551, 0.56593, 0.56635, 0.56677, 0.56718, 0.5676, 0.56801, 0.56843, 0.56885, 0.56926, 0.56968, 0.57009, 0.57051, 0.57092, 0.57134, 0.57175, 0.57217, 0.57258, 0.57299, 0.57341, 0.57382, 0.57423, 0.57465, 0.57506, 0.57547, 0.57588, 0.57629, 0.57671, 0.57712, 0.57753, 0.57794, 0.57835, 0.57876, 0.57917, 0.57958, 0.57999, 0.5804, 0.58081, 0.58122, 0.58163, 0.58204, 0.58244, 0.58285, 0.58326, 0.58367, 0.58407, 0.58448, 0.58489, 0.5853, 0.5857, 0.58611, 0.58651, 0.58692, 0.58732, 0.58773, 0.58813, 0.58854, 0.58894, 0.58935, 0.58975, 0.59016, 0.59056, 0.59096, 0.59137, 0.59177, 0.59217, 0.59257, 0.59297, 0.59338, 0.59378, 0.59418, 0.59458, 0.59498, 0.59538, 0.59578, 0.59618, 0.59658, 0.59698, 0.59738, 0.59778, 0.59818, 0.59857, 0.59897, 0.59937, 0.59977, 0.60017, 0.60056, 0.60096, 0.60136, 0.60175, 0.60215, 0.60254, 0.60294, 0.60333, 0.60373, 0.60412, 0.60452, 0.60491, 0.60531, 0.6057, 0.60609, 0.60649, 0.60688, 0.60727, 0.60766, 0.60806, 0.60845, 0.60884, 0.60923, 0.60962, 0.61001, 0.6104, 0.61079, 0.61118, 0.61157, 0.61196, 0.61235, 0.61274, 0.61313, 0.61351, 0.6139, 0.61429, 0.61468, 0.61506, 0.61545, 0.61584, 0.61622, 0.61661, 0.61699, 0.61738, 0.61776, 0.61815, 0.61853, 0.61892, 0.6193, 0.61968, 0.62007, 0.62045, 0.62083, 0.62121, 0.6216, 0.62198, 0.62236, 0.62274, 0.62312, 0.6235, 0.62388, 0.62426, 0.62464, 0.62502, 0.6254, 0.62578, 0.62616, 0.62653, 0.62691, 0.62729, 0.62767, 0.62804, 0.62842, 0.6288, 0.62917, 0.62955, 0.62992, 0.6303, 0.63067, 0.63105, 0.63142, 0.6318, 0.63217, 0.63254, 0.63292, 0.63329, 0.63366, 0.63403, 0.6344, 0.63478, 0.63515, 0.63552, 0.63589, 0.63626, 0.63663, 0.637, 0.63737, 0.63773, 0.6381, 0.63847, 0.63884, 0.63921, 0.63957, 0.63994, 0.64031, 0.64067, 0.64104, 0.6414, 0.64177, 0.64213, 0.6425, 0.64286, 0.64323, 0.64359, 0.64395, 0.64432, 0.64468, 0.64504, 0.6454, 0.64577, 0.64613, 0.64649, 0.64685, 0.64721, 0.64757, 0.64793, 0.64829, 0.64865, 0.649, 0.64936, 0.64972, 0.65008, 0.65044, 0.65079, 0.65115, 0.6515, 0.65186, 0.65222, 0.65257, 0.65293, 0.65328, 0.65363, 0.65399, 0.65434, 0.65469, 0.65505, 0.6554, 0.65575, 0.6561, 0.65645, 0.65681, 0.65716, 0.65751, 0.65786, 0.65821, 0.65855, 0.6589, 0.65925, 0.6596, 0.65995, 0.6603, 0.66064, 0.66099, 0.66134, 0.66168, 0.66203, 0.66237, 0.66272, 0.66306, 0.66341, 0.66375, 0.66409, 0.66444, 0.66478, 0.66512, 0.66546, 0.6658, 0.66614, 0.66649, 0.66683, 0.66717, 0.66751, 0.66784, 0.66818, 0.66852, 0.66886, 0.6692, 0.66954, 0.66987, 0.67021, 0.67055, 0.67088, 0.67122, 0.67155, 0.67189, 0.67222, 0.67256, 0.67289, 0.67322, 0.67355, 0.67389, 0.67422, 0.67455, 0.67488, 0.67521, 0.67554, 0.67587, 0.6762, 0.67653, 0.67686, 0.67719, 0.67752, 0.67785, 0.67817, 0.6785, 0.67883, 0.67915, 0.67948, 0.6798, 0.68013, 0.68045, 0.68078, 0.6811, 0.68143, 0.68175, 0.68207, 0.68239, 0.68272, 0.68304, 0.68336, 0.68368, 0.684, 0.68432, 0.68464, 0.68496, 0.68527, 0.68559, 0.68591, 0.68623, 0.68654, 0.68686, 0.68718, 0.68749, 0.68781, 0.68812, 0.68844, 0.68875, 0.68906, 0.68938, 0.68969, 0.69, 0.69031, 0.69063, 0.69094, 0.69125, 0.69156, 0.69187, 0.69218, 0.69249, 0.69279, 0.6931, 0.69341, 0.69372, 0.69402, 0.69433, 0.69464, 0.69494, 0.69525, 0.69555, 0.69586, 0.69616, 0.69646, 0.69677, 0.69707, 0.69737, 0.69767, 0.69797, 0.69827, 0.69858, 0.69887, 0.69917, 0.69947, 0.69977, 0.70007, 0.70037, 0.70066, 0.70096, 0.70126, 0.70155, 0.70185, 0.70214, 0.70244, 0.70273, 0.70303, 0.70332, 0.70361, 0.7039, 0.7042, 0.70449, 0.70478, 0.70507, 0.70536, 0.70565, 0.70594, 0.70623, 0.70652, 0.7068, 0.70709, 0.70738, 0.70766, 0.70795, 0.70824, 0.70852, 0.7088, 0.70909, 0.70937, 0.70966, 0.70994, 0.71022, 0.7105, 0.71078, 0.71106, 0.71134, 0.71162, 0.7119, 0.71218, 0.71246, 0.71274, 0.71302, 0.71329, 0.71357, 0.71385, 0.71412, 0.7144, 0.71467, 0.71495, 0.71522, 0.71549, 0.71577, 0.71604, 0.71631, 0.71658, 0.71685, 0.71712, 0.71739, 0.71766, 0.71793, 0.7182, 0.71847, 0.71874, 0.719, 0.71927, 0.71953, 0.7198, 0.72007, 0.72033, 0.72059, 0.72086, 0.72112, 0.72138, 0.72164, 0.72191, 0.72217, 0.72243, 0.72269, 0.72295, 0.72321, 0.72347, 0.72372, 0.72398, 0.72424, 0.72449, 0.72475, 0.72501, 0.72526, 0.72552, 0.72577, 0.72602, 0.72628, 0.72653, 0.72678, 0.72703, 0.72728, 0.72753, 0.72778, 0.72803, 0.72828, 0.72853, 0.72878, 0.72903, 0.72927, 0.72952, 0.72977, 0.73001, 0.73026, 0.7305, 0.73074, 0.73099, 0.73123, 0.73147, 0.73171, 0.73196, 0.7322, 0.73244, 0.73268, 0.73292, 0.73315, 0.73339, 0.73363, 0.73387, 0.7341, 0.73434, 0.73458, 0.73481, 0.73504, 0.73528, 0.73551, 0.73574, 0.73598, 0.73621, 0.73644, 0.73667, 0.7369, 0.73713, 0.73736, 0.73759, 0.73782, 0.73804, 0.73827, 0.7385, 0.73872, 0.73895, 0.73917, 0.7394, 0.73962, 0.73984, 0.74006, 0.74029, 0.74051, 0.74073, 0.74095, 0.74117, 0.74139, 0.74161, 0.74183, 0.74204, 0.74226, 0.74248, 0.74269, 0.74291, 0.74312, 0.74334, 0.74355, 0.74376, 0.74398, 0.74419, 0.7444, 0.74461, 0.74482, 0.74503, 0.74524, 0.74545, 0.74566, 0.74586, 0.74607, 0.74628, 0.74648, 0.74669, 0.74689, 0.7471, 0.7473, 0.7475, 0.74771, 0.74791, 0.74811, 0.74831, 0.74851, 0.74871, 0.74891, 0.74911, 0.74931, 0.7495, 0.7497, 0.7499, 0.75009, 0.75029, 0.75048, 0.75067, 0.75087, 0.75106, 0.75125, 0.75144, 0.75163, 0.75182, 0.75201, 0.7522, 0.75239, 0.75258, 0.75277, 0.75295, 0.75314, 0.75333, 0.75351, 0.7537, 0.75388, 0.75406, 0.75425, 0.75443, 0.75461, 0.75479, 0.75497, 0.75515, 0.75533, 0.75551, 0.75568, 0.75586, 0.75604, 0.75621, 0.75639, 0.75657, 0.75674, 0.75691, 0.75709, 0.75726, 0.75743, 0.7576, 0.75777, 0.75794, 0.75811, 0.75828, 0.75845, 0.75862, 0.75878, 0.75895, 0.75912, 0.75928, 0.75945, 0.75961, 0.75977, 0.75994, 0.7601, 0.76026, 0.76042, 0.76058, 0.76074, 0.7609, 0.76106, 0.76122, 0.76137, 0.76153, 0.76169, 0.76184, 0.762, 0.76215, 0.7623, 0.76246, 0.76261, 0.76276, 0.76291, 0.76306, 0.76321, 0.76336, 0.76351, 0.76366, 0.7638, 0.76395, 0.7641, 0.76424, 0.76439, 0.76453, 0.76467, 0.76482, 0.76496, 0.7651, 0.76524, 0.76538, 0.76552, 0.76566, 0.7658, 0.76594, 0.76607, 0.76621, 0.76634, 0.76648, 0.76661, 0.76675, 0.76688, 0.76701, 0.76715, 0.76728, 0.76741, 0.76754, 0.76767, 0.7678, 0.76792, 0.76805, 0.76818, 0.7683, 0.76843, 0.76855, 0.76868, 0.7688, 0.76892, 0.76905, 0.76917, 0.76929, 0.76941, 0.76953, 0.76965, 0.76977, 0.76988, 0.77, 0.77012, 0.77023, 0.77035, 0.77046, 0.77058, 0.77069, 0.7708, 0.77091, 0.77102, 0.77113, 0.77124, 0.77135, 0.77146, 0.77157, 0.77168, 0.77178, 0.77189, 0.77199, 0.7721, 0.7722, 0.7723, 0.77241, 0.77251, 0.77261, 0.77271, 0.77281, 0.77291, 0.77301, 0.7731, 0.7732, 0.7733, 0.77339, 0.77349, 0.77358, 0.77368, 0.77377, 0.77386, 0.77395, 0.77404, 0.77413, 0.77422, 0.77431, 0.7744, 0.77449, 0.77457, 0.77466, 0.77475, 0.77483, 0.77491, 0.775, 0.77508, 0.77516, 0.77524, 0.77532, 0.7754, 0.77548, 0.77556, 0.77564, 0.77572, 0.77579, 0.77587, 0.77594, 0.77602, 0.77609, 0.77617, 0.77624, 0.77631, 0.77638, 0.77645, 0.77652, 0.77659, 0.77666, 0.77673, 0.77679, 0.77686, 0.77692, 0.77699, 0.77705, 0.77712, 0.77718, 0.77724, 0.7773, 0.77736, 0.77742, 0.77748, 0.77754, 0.7776, 0.77765, 0.77771, 0.77777, 0.77782, 0.77787, 0.77793, 0.77798, 0.77803, 0.77808, 0.77813, 0.77818, 0.77823, 0.77828, 0.77833, 0.77838, 0.77842, 0.77847, 0.77851, 0.77856, 0.7786, 0.77864, 0.77869, 0.77873, 0.77877, 0.77881, 0.77885, 0.77889, 0.77892, 0.77896, 0.779, 0.77903, 0.77907, 0.7791, 0.77914, 0.77917, 0.7792, 0.77923, 0.77926, 0.77929, 0.77932, 0.77935, 0.77938, 0.77941, 0.77943, 0.77946, 0.77948, 0.77951, 0.77953, 0.77955, 0.77957, 0.7796, 0.77962, 0.77964, 0.77965, 0.77967, 0.77969, 0.77971, 0.77972, 0.77974, 0.77975, 0.77977, 0.77978, 0.77979, 0.77981, 0.77982, 0.77983, 0.77984, 0.77984, 0.77985, 0.77986, 0.77987, 0.77987, 0.77988, 0.77988, 0.77989, 0.77989, 0.77989, 0.77989, 0.77989, 0.77989, 0.77989, 0.77989, 0.77989, 0.77989, 0.77988, 0.77988, 0.77987, 0.77987, 0.77986, 0.77985, 0.77984, 0.77984, 0.77983, 0.77982, 0.7798, 0.77979, 0.77978, 0.77977, 0.77975, 0.77974, 0.77972, 0.77971, 0.77969, 0.77967, 0.77965, 0.77963, 0.77961, 0.77959, 0.77957, 0.77955, 0.77953, 0.7795, 0.77948, 0.77945, 0.77943, 0.7794, 0.77937, 0.77934, 0.77931, 0.77929, 0.77925, 0.77922, 0.77919, 0.77916, 0.77913, 0.77909, 0.77906, 0.77902, 0.77898, 0.77895, 0.77891, 0.77887, 0.77883, 0.77879, 0.77875, 0.77871, 0.77866, 0.77862, 0.77858, 0.77853, 0.77849, 0.77844, 0.77839, 0.77835, 0.7783, 0.77825, 0.7782, 0.77815, 0.77809, 0.77804, 0.77799, 0.77794, 0.77788, 0.77783, 0.77777, 0.77771, 0.77765, 0.7776, 0.77754, 0.77748, 0.77742, 0.77735, 0.77729, 0.77723, 0.77717, 0.7771, 0.77704, 0.77697, 0.7769, 0.77684, 0.77677, 0.7767, 0.77663, 0.77656, 0.77649, 0.77641, 0.77634, 0.77627, 0.77619, 0.77612, 0.77604, 0.77597, 0.77589, 0.77581, 0.77573, 0.77565, 0.77557, 0.77549, 0.77541, 0.77532, 0.77524, 0.77516, 0.77507, 0.77499, 0.7749, 0.77481, 0.77472, 0.77463, 0.77454, 0.77445, 0.77436, 0.77427, 0.77418, 0.77408, 0.77399, 0.77389, 0.7738, 0.7737, 0.77361, 0.77351, 0.77341, 0.77331, 0.77321, 0.77311, 0.773, 0.7729, 0.7728, 0.77269, 0.77259, 0.77248, 0.77238, 0.77227, 0.77216, 0.77205, 0.77194, 0.77183, 0.77172, 0.77161, 0.7715, 0.77138, 0.77127, 0.77115, 0.77104, 0.77092, 0.7708, 0.77069, 0.77057, 0.77045, 0.77033, 0.77021, 0.77008, 0.76996, 0.76984, 0.76971, 0.76959, 0.76946, 0.76934, 0.76921, 0.76908, 0.76895, 0.76882, 0.76869, 0.76856, 0.76843, 0.76829, 0.76816, 0.76803, 0.76789, 0.76776, 0.76762, 0.76748, 0.76734, 0.76721, 0.76707, 0.76693, 0.76678, 0.76664, 0.7665, 0.76636, 0.76621, 0.76607, 0.76592, 0.76577, 0.76563, 0.76548, 0.76533, 0.76518, 0.76503, 0.76488, 0.76473, 0.76457, 0.76442, 0.76427, 0.76411, 0.76396, 0.7638, 0.76364, 0.76348, 0.76332, 0.76316, 0.763, 0.76284, 0.76268, 0.76252, 0.76236, 0.76219, 0.76203, 0.76186, 0.76169, 0.76153, 0.76136, 0.76119, 0.76102, 0.76085, 0.76068, 0.76051, 0.76033, 0.76016, 0.75999, 0.75981, 0.75964, 0.75946, 0.75928, 0.7591, 0.75893, 0.75875, 0.75857, 0.75838, 0.7582, 0.75802, 0.75784, 0.75765, 0.75747, 0.75728, 0.7571, 0.75691, 0.75672, 0.75653, 0.75634, 0.75615, 0.75596, 0.75577, 0.75558, 0.75538, 0.75519, 0.755, 0.7548, 0.7546, 0.75441, 0.75421, 0.75401, 0.75381, 0.75361, 0.75341, 0.75321, 0.75301, 0.7528, 0.7526, 0.7524, 0.75219, 0.75198, 0.75178, 0.75157, 0.75136, 0.75115, 0.75094, 0.75073, 0.75052, 0.75031, 0.7501, 0.74988, 0.74967, 0.74945, 0.74924, 0.74902, 0.7488, 0.74858, 0.74837, 0.74815, 0.74793, 0.7477, 0.74748, 0.74726, 0.74704, 0.74681, 0.74659, 0.74636, 0.74614, 0.74591, 0.74568, 0.74545, 0.74522, 0.74499, 0.74476, 0.74453, 0.7443, 0.74407, 0.74383, 0.7436, 0.74336, 0.74313, 0.74289, 0.74265, 0.74241, 0.74217, 0.74193, 0.74169, 0.74145, 0.74121, 0.74097, 0.74073, 0.74048, 0.74024, 0.73999, 0.73974, 0.7395, 0.73925, 0.739, 0.73875, 0.7385, 0.73825, 0.738, 0.73775, 0.73749, 0.73724, 0.73699, 0.73673, 0.73648, 0.73622, 0.73596, 0.7357, 0.73544, 0.73519, 0.73493, 0.73466, 0.7344, 0.73414, 0.73388, 0.73361, 0.73335, 0.73308, 0.73282, 0.73255, 0.73228, 0.73202, 0.73175, 0.73148, 0.73121, 0.73094, 0.73066, 0.73039, 0.73012, 0.72984, 0.72957, 0.72929, 0.72902, 0.72874, 0.72846, 0.72819, 0.72791, 0.72763, 0.72735, 0.72707, 0.72678, 0.7265, 0.72622, 0.72594, 0.72565, 0.72537, 0.72508, 0.72479, 0.72451, 0.72422, 0.72393, 0.72364, 0.72335, 0.72306, 0.72277, 0.72247, 0.72218, 0.72189, 0.72159, 0.7213, 0.721, 0.72071, 0.72041, 0.72011, 0.71981, 0.71951, 0.71921, 0.71891, 0.71861, 0.71831, 0.71801, 0.7177, 0.7174, 0.71709, 0.71679, 0.71648, 0.71618, 0.71587, 0.71556, 0.71525, 0.71494, 0.71463, 0.71432, 0.71401, 0.7137, 0.71339, 0.71307, 0.71276, 0.71244, 0.71213, 0.71181, 0.71149, 0.71118, 0.71086, 0.71054, 0.71022, 0.7099, 0.70958, 0.70926, 0.70893, 0.70861, 0.70829, 0.70796, 0.70764, 0.70731, 0.70699, 0.70666, 0.70633, 0.706, 0.70567, 0.70534, 0.70501, 0.70468, 0.70435, 0.70402, 0.70369, 0.70335, 0.70302, 0.70268, 0.70235, 0.70201, 0.70168, 0.70134, 0.701, 0.70066, 0.70032, 0.69998, 0.69964, 0.6993, 0.69896, 0.69862, 0.69827, 0.69793, 0.69759, 0.69724, 0.69689, 0.69655, 0.6962, 0.69585, 0.69551, 0.69516, 0.69481, 0.69446, 0.69411, 0.69376, 0.6934, 0.69305, 0.6927, 0.69234, 0.69199, 0.69163, 0.69128, 0.69092, 0.69056, 0.69021, 0.68985, 0.68949, 0.68913, 0.68877, 0.68841, 0.68805, 0.68769, 0.68732, 0.68696, 0.6866, 0.68623, 0.68587, 0.6855, 0.68514, 0.68477, 0.6844, 0.68404, 0.68367, 0.6833, 0.68293, 0.68256, 0.68219, 0.68182, 0.68144, 0.68107, 0.6807, 0.68032, 0.67995, 0.67958, 0.6792, 0.67882, 0.67845, 0.67807, 0.67769, 0.67731, 0.67693, 0.67655, 0.67617, 0.67579, 0.67541, 0.67503, 0.67465, 0.67427, 0.67388, 0.6735, 0.67311, 0.67273, 0.67234, 0.67196, 0.67157, 0.67118, 0.67079, 0.6704, 0.67002, 0.66963, 0.66924, 0.66884, 0.66845, 0.66806, 0.66767, 0.66728, 0.66688, 0.66649, 0.66609, 0.6657, 0.6653, 0.66491, 0.66451, 0.66411, 0.66371, 0.66332, 0.66292, 0.66252, 0.66212, 0.66172, 0.66132, 0.66091, 0.66051, 0.66011, 0.65971, 0.6593, 0.6589, 0.65849, 0.65809, 0.65768, 0.65728, 0.65687, 0.65646, 0.65605, 0.65565, 0.65524, 0.65483, 0.65442, 0.65401, 0.6536, 0.65319, 0.65277, 0.65236, 0.65195, 0.65154, 0.65112, 0.65071, 0.65029, 0.64988, 0.64946, 0.64905, 0.64863, 0.64821, 0.64779, 0.64738, 0.64696, 0.64654, 0.64612, 0.6457, 0.64528, 0.64486, 0.64444, 0.64401, 0.64359, 0.64317, 0.64274, 0.64232, 0.6419, 0.64147, 0.64105, 0.64062, 0.6402, 0.63977, 0.63934, 0.63891, 0.63849, 0.63806, 0.63763, 0.6372, 0.63677, 0.63634, 0.63591, 0.63548, 0.63505, 0.63461, 0.63418, 0.63375, 0.63332, 0.63288, 0.63245, 0.63201, 0.63158, 0.63114, 0.63071, 0.63027, 0.62984, 0.6294, 0.62896, 0.62852, 0.62809, 0.62765, 0.62721, 0.62677, 0.62633, 0.62589, 0.62545, 0.62501, 0.62456, 0.62412, 0.62368, 0.62324, 0.62279, 0.62235, 0.62191, 0.62146, 0.62102, 0.62057, 0.62013, 0.61968, 0.61924, 0.61879, 0.61834, 0.6179, 0.61745, 0.617, 0.61655, 0.6161, 0.61565, 0.6152, 0.61475, 0.6143, 0.61385, 0.6134, 0.61295, 0.6125, 0.61205, 0.61159, 0.61114, 0.61069, 0.61024, 0.60978, 0.60933, 0.60887, 0.60842, 0.60796, 0.60751, 0.60705, 0.6066, 0.60614, 0.60568, 0.60523, 0.60477, 0.60431, 0.60385, 0.60339, 0.60294, 0.60248, 0.60202, 0.60156, 0.6011, 0.60064, 0.60018, 0.59972, 0.59925, 0.59879, 0.59833, 0.59787, 0.59741, 0.59694, 0.59648, 0.59602, 0.59555, 0.59509, 0.59463, 0.59416, 0.5937, 0.59323, 0.59277, 0.5923, 0.59184, 0.59137, 0.5909, 0.59044, 0.58997, 0.5895, 0.58904, 0.58857, 0.5881, 0.58763, 0.58716, 0.58669, 0.58623, 0.58576, 0.58529, 0.58482, 0.58435, 0.58388, 0.58341, 0.58294, 0.58247, 0.58199, 0.58152, 0.58105, 0.58058, 0.58011, 0.57964, 0.57916, 0.57869, 0.57822, 0.57774, 0.57727, 0.5768, 0.57632, 0.57585, 0.57538, 0.5749, 0.57443, 0.57395, 0.57348, 0.573, 0.57253, 0.57205, 0.57157, 0.5711, 0.57062, 0.57015, 0.56967, 0.56919, 0.56872, 0.56824, 0.56776, 0.56728, 0.56681, 0.56633, 0.56585, 0.56537, 0.5649, 0.56442, 0.56394, 0.56346, 0.56298, 0.5625, 0.56202, 0.56154, 0.56106, 0.56058, 0.5601, 0.55962, 0.55914, 0.55866, 0.55818, 0.5577, 0.55722, 0.55674, 0.55626, 0.55578, 0.5553, 0.55482, 0.55434, 0.55386, 0.55337, 0.55289, 0.55241, 0.55193, 0.55145, 0.55097, 0.55048, 0.55, 0.54952, 0.54904, 0.54855, 0.54807, 0.54759, 0.54711, 0.54662, 0.54614, 0.54566, 0.54517, 0.54469, 0.54421, 0.54372, 0.54324, 0.54276, 0.54227, 0.54179, 0.54131, 0.54082, 0.54034, 0.53986, 0.53937, 0.53889, 0.5384, 0.53792, 0.53744, 0.53695, 0.53647, 0.53598, 0.5355, 0.53502, 0.53453, 0.53405, 0.53356, 0.53308, 0.53259, 0.53211, 0.53163, 0.53114, 0.53066, 0.53017, 0.52969, 0.5292, 0.52872, 0.52823, 0.52775, 0.52727, 0.52678, 0.5263, 0.52581, 0.52533, 0.52484, 0.52436, 0.52388, 0.52339, 0.52291, 0.52242, 0.52194, 0.52145, 0.52097, 0.52049, 0.52, 0.51952, 0.51903, 0.51855, 0.51807, 0.51758, 0.5171, 0.51662, 0.51613, 0.51565, 0.51517, 0.51468, 0.5142, 0.51371, 0.51323, 0.51275, 0.51227, 0.51178, 0.5113, 0.51082, 0.51033, 0.50985, 0.50937, 0.50889, 0.5084, 0.50792, 0.50744, 0.50696, 0.50648, 0.50599, 0.50551, 0.50503, 0.50455, 0.50407, 0.50359, 0.5031, 0.50262, 0.50214, 0.50166, 0.50118, 0.5007, 0.50022, 0.49974, 0.49926, 0.49878, 0.4983, 0.49782, 0.49734, 0.49686, 0.49638, 0.4959, 0.49542, 0.49495, 0.49447, 0.49399, 0.49351, 0.49303, 0.49255, 0.49208, 0.4916, 0.49112, 0.49064, 0.49017, 0.48969, 0.48921, 0.48874, 0.48826, 0.48778, 0.48731, 0.48683, 0.48636, 0.48588, 0.48541, 0.48493, 0.48446, 0.48398, 0.48351, 0.48303, 0.48256, 0.48209, 0.48161, 0.48114, 0.48067, 0.4802, 0.47972, 0.47925, 0.47878, 0.47831, 0.47784, 0.47736, 0.47689, 0.47642, 0.47595, 0.47548, 0.47501, 0.47454, 0.47407, 0.4736, 0.47314, 0.47267, 0.4722, 0.47173, 0.47126, 0.4708, 0.47033, 0.46986, 0.4694, 0.46893, 0.46846, 0.468, 0.46753, 0.46707, 0.4666, 0.46614, 0.46567, 0.46521, 0.46475, 0.46428, 0.46382, 0.46336, 0.4629, 0.46243, 0.46197, 0.46151, 0.46105, 0.46059, 0.46013, 0.45967, 0.45921, 0.45875, 0.45829, 0.45783, 0.45738, 0.45692, 0.45646, 0.456, 0.45555, 0.45509, 0.45463, 0.45418, 0.45372, 0.45327, 0.45281, 0.45236, 0.45191, 0.45145, 0.451, 0.45055, 0.4501, 0.44964, 0.44919, 0.44874, 0.44829, 0.44784, 0.44739, 0.44694, 0.44649, 0.44604, 0.4456, 0.44515, 0.4447, 0.44426, 0.44381, 0.44336, 0.44292, 0.44247, 0.44203, 0.44158, 0.44114, 0.4407, 0.44025, 0.43981, 0.43937, 0.43893, 0.43849, 0.43805, 0.43761, 0.43717, 0.43673, 0.43629, 0.43585, 0.43541, 0.43498, 0.43454, 0.4341, 0.43367, 0.43323, 0.4328, 0.43236, 0.43193, 0.4315, 0.43106, 0.43063, 0.4302, 0.42977, 0.42934, 0.42891, 0.42848, 0.42805, 0.42762, 0.42719, 0.42676, 0.42634, 0.42591, 0.42548, 0.42506, 0.42463, 0.42421, 0.42378, 0.42336, 0.42294, 0.42252, 0.42209, 0.42167, 0.42125, 0.42083, 0.42041, 0.41999, 0.41957, 0.41916, 0.41874, 0.41832, 0.41791, 0.41749, 0.41708, 0.41666, 0.41625, 0.41583, 0.41542, 0.41501, 0.4146, 0.41419, 0.41378, 0.41337, 0.41296, 0.41255, 0.41214, 0.41174, 0.41133, 0.41092, 0.41052, 0.41011, 0.40971, 0.40931, 0.4089, 0.4085, 0.4081, 0.4077, 0.4073, 0.4069, 0.4065, 0.4061, 0.4057, 0.40531, 0.40491, 0.40451, 0.40412, 0.40372, 0.40333, 0.40294, 0.40255, 0.40215, 0.40176, 0.40137, 0.40098, 0.40059, 0.40021, 0.39982, 0.39943, 0.39904, 0.39866, 0.39827, 0.39789, 0.39751, 0.39712, 0.39674, 0.39636, 0.39598, 0.3956, 0.39522, 0.39484, 0.39446, 0.39409, 0.39371, 0.39333, 0.39296, 0.39259, 0.39221, 0.39184, 0.39147, 0.3911, 0.39073, 0.39036, 0.38999, 0.38962, 0.38925, 0.38888, 0.38852, 0.38815, 0.38779, 0.38742, 0.38706, 0.3867, 0.38634, 0.38598, 0.38562, 0.38526, 0.3849, 0.38454, 0.38419, 0.38383, 0.38347, 0.38312, 0.38277, 0.38241, 0.38206, 0.38171, 0.38136, 0.38101, 0.38066, 0.38031, 0.37997, 0.37962, 0.37927, 0.37893, 0.37858, 0.37824, 0.3779, 0.37756, 0.37722, 0.37688, 0.37654, 0.3762, 0.37586, 0.37553, 0.37519, 0.37486, 0.37452, 0.37419, 0.37386, 0.37353, 0.37319, 0.37286, 0.37254, 0.37221, 0.37188, 0.37155, 0.37123, 0.3709, 0.37058, 0.37026, 0.36994, 0.36962, 0.3693, 0.36898, 0.36866, 0.36834, 0.36802, 0.36771, 0.36739, 0.36708, 0.36677, 0.36645, 0.36614, 0.36583, 0.36552, 0.36522, 0.36491, 0.3646, 0.3643, 0.36399, 0.36369, 0.36338, 0.36308, 0.36278, 0.36248, 0.36218, 0.36188, 0.36158, 0.36129, 0.36099, 0.3607, 0.3604, 0.36011, 0.35982, 0.35953, 0.35924, 0.35895, 0.35866, 0.35838, 0.35809, 0.3578, 0.35752, 0.35724, 0.35695, 0.35667, 0.35639, 0.35611, 0.35584, 0.35556, 0.35528, 0.35501, 0.35473, 0.35446, 0.35419, 0.35391, 0.35364, 0.35337, 0.35311, 0.35284, 0.35257, 0.35231, 0.35204, 0.35178, 0.35152, 0.35125, 0.35099, 0.35073, 0.35048, 0.35022, 0.34996, 0.34971, 0.34945, 0.3492, 0.34895, 0.3487, 0.34845, 0.3482, 0.34795, 0.3477, 0.34745, 0.34721, 0.34697, 0.34672, 0.34648, 0.34624, 0.346, 0.34576, 0.34552, 0.34529, 0.34505, 0.34482, 0.34458, 0.34435, 0.34412, 0.34389, 0.34366, 0.34343, 0.3432, 0.34298, 0.34275, 0.34253, 0.3423, 0.34208, 0.34186, 0.34164, 0.34142, 0.34121, 0.34099, 0.34077, 0.34056, 0.34035, 0.34013, 0.33992, 0.33971, 0.33951, 0.3393, 0.33909, 0.33889, 0.33868, 0.33848, 0.33828, 0.33807, 0.33787, 0.33768, 0.33748, 0.33728, 0.33709, 0.33689, 0.3367, 0.33651, 0.33631, 0.33612, 0.33594, 0.33575, 0.33556, 0.33538, 0.33519, 0.33501, 0.33483, 0.33465, 0.33447, 0.33429, 0.33411, 0.33393, 0.33376, 0.33358, 0.33341, 0.33324, 0.33307, 0.3329, 0.33273, 0.33256, 0.3324, 0.33223, 0.33207, 0.33191, 0.33174, 0.33158, 0.33142, 0.33127, 0.33111, 0.33095, 0.3308, 0.33065, 0.33049, 0.33034, 0.33019, 0.33005, 0.3299, 0.32975, 0.32961, 0.32946, 0.32932, 0.32918, 0.32904, 0.3289, 0.32876, 0.32862, 0.32849, 0.32835, 0.32822, 0.32809, 0.32796, 0.32783, 0.3277, 0.32757, 0.32745, 0.32732, 0.3272, 0.32708, 0.32695, 0.32683, 0.32672, 0.3266, 0.32648, 0.32637, 0.32625, 0.32614, 0.32603, 0.32592, 0.32581, 0.3257, 0.32559, 0.32549, 0.32538, 0.32528, 0.32518, 0.32508, 0.32498, 0.32488, 0.32478, 0.32469, 0.32459, 0.3245, 0.32441, 0.32432, 0.32423, 0.32414, 0.32405, 0.32397, 0.32388, 0.3238, 0.32372, 0.32363, 0.32355, 0.32348, 0.3234, 0.32332, 0.32325, 0.32317, 0.3231, 0.32303, 0.32296, 0.32289, 0.32283, 0.32276, 0.32269, 0.32263, 0.32257, 0.32251, 0.32245, 0.32239, 0.32233, 0.32228, 0.32222, 0.32217, 0.32211, 0.32206, 0.32201, 0.32197, 0.32192, 0.32187, 0.32183, 0.32178, 0.32174, 0.3217, 0.32166, 0.32162, 0.32158, 0.32155, 0.32151, 0.32148, 0.32145, 0.32142, 0.32139, 0.32136, 0.32133, 0.32131, 0.32128, 0.32126, 0.32124, 0.32122, 0.3212, 0.32118, 0.32116, 0.32115, 0.32113, 0.32112, 0.32111, 0.3211, 0.32109, 0.32108, 0.32107, 0.32107, 0.32106, 0.32106, 0.32106, 0.32106, 0.32106, 0.32106, 0.32106, 0.32107, 0.32107, 0.32108, 0.32109, 0.3211, 0.32111, 0.32112, 0.32114, 0.32115, 0.32117, 0.32118, 0.3212, 0.32122, 0.32124, 0.32127, 0.32129, 0.32132, 0.32134, 0.32137, 0.3214, 0.32143, 0.32146, 0.32149, 0.32153, 0.32156, 0.3216, 0.32164, 0.32168, 0.32172, 0.32176, 0.3218, 0.32185, 0.32189, 0.32194, 0.32199, 0.32204, 0.32209, 0.32214, 0.3222, 0.32225, 0.32231, 0.32236, 0.32242, 0.32248, 0.32254, 0.32261, 0.32267, 0.32273, 0.3228, 0.32287, 0.32294, 0.32301, 0.32308, 0.32315, 0.32322, 0.3233, 0.32338, 0.32345, 0.32353, 0.32361, 0.3237, 0.32378, 0.32386, 0.32395, 0.32403, 0.32412, 0.32421, 0.3243, 0.32439, 0.32449, 0.32458, 0.32468, 0.32477, 0.32487, 0.32497, 0.32507, 0.32518, 0.32528, 0.32538, 0.32549, 0.3256, 0.3257, 0.32581, 0.32593, 0.32604, 0.32615, 0.32627, 0.32638, 0.3265, 0.32662, 0.32674, 0.32686, 0.32698, 0.32711, 0.32723, 0.32736, 0.32748, 0.32761, 0.32774, 0.32787, 0.32801, 0.32814, 0.32828, 0.32841, 0.32855, 0.32869, 0.32883, 0.32897, 0.32911, 0.32926, 0.3294, 0.32955, 0.3297, 0.32985, 0.33, 0.33015, 0.3303, 0.33045, 0.33061, 0.33077, 0.33092, 0.33108, 0.33124, 0.3314, 0.33157, 0.33173, 0.3319, 0.33206, 0.33223, 0.3324, 0.33257, 0.33274, 0.33291, 0.33309, 0.33326, 0.33344, 0.33362, 0.33379, 0.33397, 0.33416, 0.33434, 0.33452, 0.33471, 0.33489, 0.33508, 0.33527, 0.33546, 0.33565, 0.33584, 0.33604, 0.33623, 0.33643, 0.33662, 0.33682, 0.33702, 0.33722, 0.33742, 0.33763, 0.33783, 0.33804, 0.33824, 0.33845, 0.33866, 0.33887, 0.33908, 0.3393, 0.33951, 0.33973, 0.33994, 0.34016, 0.34038, 0.3406, 0.34082, 0.34104, 0.34127, 0.34149, 0.34172, 0.34195, 0.34217, 0.3424, 0.34263, 0.34287, 0.3431, 0.34333, 0.34357, 0.34381, 0.34404, 0.34428, 0.34452, 0.34476, 0.34501, 0.34525, 0.34549, 0.34574, 0.34599, 0.34624, 0.34649, 0.34674, 0.34699, 0.34724, 0.34749, 0.34775, 0.34801, 0.34826, 0.34852, 0.34878, 0.34904, 0.34931, 0.34957, 0.34983, 0.3501, 0.35036, 0.35063, 0.3509, 0.35117, 0.35144, 0.35171, 0.35199, 0.35226, 0.35254, 0.35281, 0.35309, 0.35337, 0.35365, 0.35393, 0.35421, 0.3545, 0.35478, 0.35507, 0.35535, 0.35564, 0.35593, 0.35622, 0.35651, 0.3568, 0.3571, 0.35739, 0.35769, 0.35798, 0.35828, 0.35858, 0.35888, 0.35918, 0.35948, 0.35978, 0.36009, 0.36039, 0.3607, 0.36101, 0.36131, 0.36162, 0.36193, 0.36225, 0.36256, 0.36287, 0.36319, 0.3635, 0.36382, 0.36414, 0.36445, 0.36477, 0.36509, 0.36542, 0.36574, 0.36606, 0.36639, 0.36671, 0.36704, 0.36737, 0.3677, 0.36803, 0.36836, 0.36869, 0.36902, 0.36935, 0.36969, 0.37003, 0.37036, 0.3707, 0.37104, 0.37138, 0.37172, 0.37206, 0.3724, 0.37275, 0.37309, 0.37344, 0.37378, 0.37413, 0.37448, 0.37483, 0.37518, 0.37553, 0.37588, 0.37624, 0.37659, 0.37695, 0.3773, 0.37766, 0.37802, 0.37838, 0.37874, 0.3791, 0.37946, 0.37982, 0.38018, 0.38055, 0.38091, 0.38128, 0.38165, 0.38202, 0.38238, 0.38275, 0.38312, 0.3835, 0.38387, 0.38424, 0.38462, 0.38499, 0.38537, 0.38574, 0.38612, 0.3865, 0.38688, 0.38726, 0.38764, 0.38802, 0.38841, 0.38879, 0.38918, 0.38956, 0.38995, 0.39034, 0.39072, 0.39111, 0.3915, 0.39189, 0.39228, 0.39268, 0.39307, 0.39346, 0.39386, 0.39425, 0.39465, 0.39505, 0.39544, 0.39584, 0.39624, 0.39664, 0.39704, 0.39745, 0.39785, 0.39825, 0.39866, 0.39906, 0.39947, 0.39987, 0.40028, 0.40069, 0.4011, 0.40151, 0.40192, 0.40233, 0.40274, 0.40315, 0.40356, 0.40398, 0.40439, 0.40481, 0.40522, 0.40564, 0.40606, 0.40648, 0.4069, 0.40732, 0.40774, 0.40816, 0.40858, 0.409, 0.40942, 0.40985, 0.41027, 0.4107, 0.41112, 0.41155, 0.41198, 0.41241, 0.41283, 0.41326, 0.41369, 0.41412, 0.41456, 0.41499, 0.41542, 0.41585, 0.41629, 0.41672, 0.41716, 0.41759, 0.41803, 0.41846, 0.4189, 0.41934, 0.41978, 0.42022, 0.42066, 0.4211, 0.42154, 0.42198, 0.42242, 0.42287, 0.42331, 0.42375, 0.4242, 0.42464, 0.42509, 0.42553, 0.42598, 0.42643, 0.42688, 0.42732, 0.42777, 0.42822, 0.42867, 0.42912, 0.42957, 0.43003, 0.43048, 0.43093, 0.43138, 0.43184, 0.43229, 0.43275, 0.4332, 0.43366, 0.43411, 0.43457, 0.43503, 0.43548, 0.43594, 0.4364, 0.43686, 0.43732, 0.43778, 0.43824, 0.4387, 0.43916, 0.43962, 0.44008, 0.44055, 0.44101, 0.44147, 0.44194, 0.4424, 0.44286, 0.44333, 0.4438, 0.44426, 0.44473, 0.44519, 0.44566, 0.44613, 0.4466, 0.44706, 0.44753, 0.448, 0.44847, 0.44894, 0.44941, 0.44988, 0.45035, 0.45082, 0.45129, 0.45176, 0.45224, 0.45271, 0.45318, 0.45365, 0.45413, 0.4546, 0.45507, 0.45555, 0.45602, 0.4565, 0.45697, 0.45745, 0.45792, 0.4584, 0.45887, 0.45935, 0.45983, 0.4603, 0.46078, 0.46126, 0.46174, 0.46221, 0.46269, 0.46317, 0.46365, 0.46413, 0.46461, 0.46509, 0.46556, 0.46604, 0.46652, 0.467, 0.46748, 0.46796, 0.46845, 0.46893, 0.46941, 0.46989, 0.47037, 0.47085, 0.47133, 0.47181, 0.4723, 0.47278, 0.47326, 0.47374, 0.47422, 0.47471, 0.47519, 0.47567, 0.47616, 0.47664, 0.47712, 0.47761, 0.47809, 0.47857, 0.47906, 0.47954, 0.48002, 0.48051, 0.48099, 0.48147, 0.48196, 0.48244, 0.48293, 0.48341, 0.48389, 0.48438, 0.48486, 0.48535, 0.48583, 0.48632, 0.4868, 0.48728, 0.48777, 0.48825}; 

static const Fresnel FresnelS = {0, 8.9258e-11, 5.3555e-10, 1.6959e-09, 3.9273e-09, 7.5869e-09, 1.3032e-08, 2.0619e-08, 3.0705e-08, 4.3647e-08, 5.9803e-08, 7.9529e-08, 1.0318e-07, 1.3112e-07, 1.637e-07, 2.0128e-07, 2.4421e-07, 2.9285e-07, 3.4757e-07, 4.0871e-07, 4.7664e-07, 5.517e-07, 6.3426e-07, 7.2468e-07, 8.2331e-07, 9.3051e-07, 1.0466e-06, 1.172e-06, 1.3071e-06, 1.4521e-06, 1.6075e-06, 1.7736e-06, 1.9508e-06, 2.1394e-06, 2.3398e-06, 2.5523e-06, 2.7773e-06, 3.0152e-06, 3.2663e-06, 3.5309e-06, 3.8095e-06, 4.1024e-06, 4.4099e-06, 4.7323e-06, 5.0702e-06, 5.4237e-06, 5.7934e-06, 6.1794e-06, 6.5822e-06, 7.0022e-06, 7.4396e-06, 7.8949e-06, 8.3684e-06, 8.8605e-06, 9.3715e-06, 9.9018e-06, 1.0452e-05, 1.1022e-05, 1.1612e-05, 1.2223e-05, 1.2855e-05, 1.3508e-05, 1.4184e-05, 1.4881e-05, 1.5601e-05, 1.6344e-05, 1.7109e-05, 1.7899e-05, 1.8712e-05, 1.955e-05, 2.0412e-05, 2.13e-05, 2.2212e-05, 2.3151e-05, 2.4115e-05, 2.5106e-05, 2.6124e-05, 2.7168e-05, 2.8241e-05, 2.9341e-05, 3.0469e-05, 3.1626e-05, 3.2812e-05, 3.4027e-05, 3.5271e-05, 3.6546e-05, 3.7851e-05, 3.9187e-05, 4.0554e-05, 4.1952e-05, 4.3382e-05, 4.4844e-05, 4.6339e-05, 4.7866e-05, 4.9427e-05, 5.1021e-05, 5.2649e-05, 5.4312e-05, 5.6009e-05, 5.7741e-05, 5.9508e-05, 6.1311e-05, 6.315e-05, 6.5026e-05, 6.6938e-05, 6.8888e-05, 7.0875e-05, 7.2899e-05, 7.4962e-05, 7.7064e-05, 7.9204e-05, 8.1384e-05, 8.3604e-05, 8.5863e-05, 8.8163e-05, 9.0503e-05, 9.2885e-05, 9.5307e-05, 9.7772e-05, 0.00010028, 0.00010283, 0.00010542, 0.00010806, 0.00011073, 0.00011346, 0.00011622, 0.00011904, 0.00012189, 0.00012479, 0.00012774, 0.00013074, 0.00013378, 0.00013686, 0.00014, 0.00014318, 0.00014641, 0.00014969, 0.00015301, 0.00015639, 0.00015981, 0.00016329, 0.00016681, 0.00017038, 0.00017401, 0.00017768, 0.00018141, 0.00018519, 0.00018902, 0.00019291, 0.00019684, 0.00020083, 0.00020488, 0.00020897, 0.00021313, 0.00021733, 0.00022159, 0.00022591, 0.00023028, 0.00023471, 0.00023919, 0.00024374, 0.00024833, 0.00025299, 0.0002577, 0.00026248, 0.00026731, 0.0002722, 0.00027715, 0.00028215, 0.00028722, 0.00029235, 0.00029754, 0.00030279, 0.0003081, 0.00031348, 0.00031891, 0.00032441, 0.00032997, 0.0003356, 0.00034128, 0.00034704, 0.00035285, 0.00035873, 0.00036468, 0.00037069, 0.00037677, 0.00038291, 0.00038912, 0.00039539, 0.00040174, 0.00040815, 0.00041462, 0.00042117, 0.00042779, 0.00043447, 0.00044122, 0.00044804, 0.00045494, 0.0004619, 0.00046893, 0.00047604, 0.00048322, 0.00049046, 0.00049778, 0.00050518, 0.00051264, 0.00052018, 0.00052779, 0.00053548, 0.00054324, 0.00055107, 0.00055898, 0.00056697, 0.00057503, 0.00058316, 0.00059138, 0.00059967, 0.00060803, 0.00061648, 0.000625, 0.0006336, 0.00064228, 0.00065104, 0.00065988, 0.00066879, 0.00067779, 0.00068687, 0.00069602, 0.00070526, 0.00071458, 0.00072399, 0.00073347, 0.00074304, 0.00075269, 0.00076242, 0.00077223, 0.00078213, 0.00079212, 0.00080219, 0.00081234, 0.00082258, 0.0008329, 0.00084331, 0.00085381, 0.00086439, 0.00087507, 0.00088582, 0.00089667, 0.0009076, 0.00091863, 0.00092974, 0.00094094, 0.00095223, 0.00096361, 0.00097508, 0.00098664, 0.0009983, 0.00101, 0.0010219, 0.0010338, 0.0010458, 0.0010579, 0.0010701, 0.0010824, 0.0010948, 0.0011073, 0.0011199, 0.0011326, 0.0011454, 0.0011582, 0.0011712, 0.0011842, 0.0011974, 0.0012107, 0.001224, 0.0012375, 0.001251, 0.0012647, 0.0012784, 0.0012922, 0.0013062, 0.0013202, 0.0013344, 0.0013486, 0.001363, 0.0013774, 0.001392, 0.0014066, 0.0014214, 0.0014362, 0.0014512, 0.0014662, 0.0014814, 0.0014967, 0.0015121, 0.0015275, 0.0015431, 0.0015588, 0.0015746, 0.0015905, 0.0016065, 0.0016226, 0.0016389, 0.0016552, 0.0016716, 0.0016882, 0.0017048, 0.0017216, 0.0017385, 0.0017555, 0.0017726, 0.0017898, 0.0018071, 0.0018245, 0.0018421, 0.0018597, 0.0018775, 0.0018954, 0.0019133, 0.0019315, 0.0019497, 0.001968, 0.0019865, 0.002005, 0.0020237, 0.0020425, 0.0020614, 0.0020804, 0.0020996, 0.0021188, 0.0021382, 0.0021577, 0.0021773, 0.002197, 0.0022169, 0.0022369, 0.0022569, 0.0022771, 0.0022975, 0.0023179, 0.0023385, 0.0023592, 0.00238, 0.0024009, 0.002422, 0.0024432, 0.0024645, 0.0024859, 0.0025074, 0.0025291, 0.0025509, 0.0025728, 0.0025949, 0.0026171, 0.0026394, 0.0026618, 0.0026843, 0.002707, 0.0027298, 0.0027528, 0.0027758, 0.002799, 0.0028223, 0.0028458, 0.0028694, 0.0028931, 0.0029169, 0.0029409, 0.002965, 0.0029892, 0.0030136, 0.0030381, 0.0030627, 0.0030875, 0.0031123, 0.0031374, 0.0031625, 0.0031878, 0.0032133, 0.0032388, 0.0032645, 0.0032903, 0.0033163, 0.0033424, 0.0033687, 0.003395, 0.0034216, 0.0034482, 0.003475, 0.0035019, 0.003529, 0.0035562, 0.0035836, 0.003611, 0.0036387, 0.0036664, 0.0036943, 0.0037224, 0.0037506, 0.0037789, 0.0038074, 0.003836, 0.0038648, 0.0038937, 0.0039227, 0.0039519, 0.0039812, 0.0040107, 0.0040404, 0.0040701, 0.0041, 0.0041301, 0.0041603, 0.0041907, 0.0042212, 0.0042518, 0.0042826, 0.0043136, 0.0043447, 0.0043759, 0.0044073, 0.0044388, 0.0044705, 0.0045024, 0.0045344, 0.0045665, 0.0045988, 0.0046313, 0.0046639, 0.0046966, 0.0047295, 0.0047626, 0.0047958, 0.0048291, 0.0048627, 0.0048963, 0.0049302, 0.0049642, 0.0049983, 0.0050326, 0.005067, 0.0051017, 0.0051364, 0.0051714, 0.0052064, 0.0052417, 0.0052771, 0.0053126, 0.0053483, 0.0053842, 0.0054203, 0.0054565, 0.0054928, 0.0055293, 0.005566, 0.0056028, 0.0056398, 0.005677, 0.0057143, 0.0057518, 0.0057895, 0.0058273, 0.0058653, 0.0059034, 0.0059417, 0.0059802, 0.0060189, 0.0060577, 0.0060966, 0.0061358, 0.0061751, 0.0062146, 0.0062542, 0.006294, 0.006334, 0.0063741, 0.0064145, 0.0064549, 0.0064956, 0.0065364, 0.0065774, 0.0066186, 0.0066599, 0.0067014, 0.0067431, 0.006785, 0.006827, 0.0068692, 0.0069115, 0.0069541, 0.0069968, 0.0070397, 0.0070828, 0.007126, 0.0071694, 0.007213, 0.0072568, 0.0073007, 0.0073449, 0.0073892, 0.0074336, 0.0074783, 0.0075231, 0.0075681, 0.0076133, 0.0076587, 0.0077042, 0.00775, 0.0077959, 0.007842, 0.0078882, 0.0079347, 0.0079813, 0.0080281, 0.0080751, 0.0081223, 0.0081697, 0.0082172, 0.008265, 0.0083129, 0.008361, 0.0084093, 0.0084577, 0.0085064, 0.0085552, 0.0086042, 0.0086535, 0.0087029, 0.0087524, 0.0088022, 0.0088522, 0.0089023, 0.0089527, 0.0090032, 0.0090539, 0.0091048, 0.0091559, 0.0092072, 0.0092587, 0.0093103, 0.0093622, 0.0094142, 0.0094665, 0.0095189, 0.0095716, 0.0096244, 0.0096774, 0.0097306, 0.009784, 0.0098376, 0.0098914, 0.0099454, 0.0099996, 0.010054, 0.010109, 0.010163, 0.010218, 0.010273, 0.010329, 0.010384, 0.01044, 0.010496, 0.010552, 0.010609, 0.010665, 0.010722, 0.010779, 0.010836, 0.010893, 0.010951, 0.011009, 0.011067, 0.011125, 0.011183, 0.011242, 0.0113, 0.011359, 0.011419, 0.011478, 0.011538, 0.011597, 0.011657, 0.011718, 0.011778, 0.011839, 0.011899, 0.011961, 0.012022, 0.012083, 0.012145, 0.012207, 0.012269, 0.012331, 0.012394, 0.012456, 0.012519, 0.012582, 0.012646, 0.012709, 0.012773, 0.012837, 0.012901, 0.012966, 0.01303, 0.013095, 0.01316, 0.013225, 0.013291, 0.013356, 0.013422, 0.013488, 0.013555, 0.013621, 0.013688, 0.013755, 0.013822, 0.01389, 0.013957, 0.014025, 0.014093, 0.014161, 0.01423, 0.014299, 0.014368, 0.014437, 0.014506, 0.014576, 0.014646, 0.014716, 0.014786, 0.014856, 0.014927, 0.014998, 0.015069, 0.015141, 0.015212, 0.015284, 0.015356, 0.015428, 0.015501, 0.015574, 0.015646, 0.01572, 0.015793, 0.015867, 0.015941, 0.016015, 0.016089, 0.016164, 0.016238, 0.016313, 0.016389, 0.016464, 0.01654, 0.016616, 0.016692, 0.016768, 0.016845, 0.016922, 0.016999, 0.017076, 0.017154, 0.017231, 0.017309, 0.017388, 0.017466, 0.017545, 0.017624, 0.017703, 0.017782, 0.017862, 0.017942, 0.018022, 0.018102, 0.018183, 0.018264, 0.018345, 0.018426, 0.018508, 0.01859, 0.018672, 0.018754, 0.018836, 0.018919, 0.019002, 0.019085, 0.019169, 0.019252, 0.019336, 0.019421, 0.019505, 0.01959, 0.019675, 0.01976, 0.019845, 0.019931, 0.020017, 0.020103, 0.020189, 0.020276, 0.020363, 0.02045, 0.020537, 0.020625, 0.020713, 0.020801, 0.020889, 0.020978, 0.021067, 0.021156, 0.021245, 0.021335, 0.021425, 0.021515, 0.021605, 0.021696, 0.021786, 0.021878, 0.021969, 0.02206, 0.022152, 0.022244, 0.022337, 0.022429, 0.022522, 0.022615, 0.022709, 0.022802, 0.022896, 0.02299, 0.023085, 0.023179, 0.023274, 0.02337, 0.023465, 0.023561, 0.023657, 0.023753, 0.023849, 0.023946, 0.024043, 0.02414, 0.024238, 0.024335, 0.024433, 0.024532, 0.02463, 0.024729, 0.024828, 0.024927, 0.025027, 0.025127, 0.025227, 0.025327, 0.025428, 0.025529, 0.02563, 0.025731, 0.025833, 0.025935, 0.026037, 0.026139, 0.026242, 0.026345, 0.026448, 0.026552, 0.026656, 0.02676, 0.026864, 0.026969, 0.027074, 0.027179, 0.027284, 0.02739, 0.027496, 0.027602, 0.027708, 0.027815, 0.027922, 0.028029, 0.028137, 0.028245, 0.028353, 0.028461, 0.02857, 0.028679, 0.028788, 0.028898, 0.029007, 0.029117, 0.029228, 0.029338, 0.029449, 0.02956, 0.029672, 0.029783, 0.029895, 0.030007, 0.03012, 0.030233, 0.030346, 0.030459, 0.030573, 0.030687, 0.030801, 0.030915, 0.03103, 0.031145, 0.03126, 0.031376, 0.031492, 0.031608, 0.031724, 0.031841, 0.031958, 0.032075, 0.032193, 0.03231, 0.032429, 0.032547, 0.032666, 0.032785, 0.032904, 0.033023, 0.033143, 0.033263, 0.033384, 0.033504, 0.033625, 0.033746, 0.033868, 0.03399, 0.034112, 0.034234, 0.034357, 0.03448, 0.034603, 0.034727, 0.03485, 0.034975, 0.035099, 0.035224, 0.035349, 0.035474, 0.035599, 0.035725, 0.035851, 0.035978, 0.036105, 0.036232, 0.036359, 0.036487, 0.036614, 0.036743, 0.036871, 0.037, 0.037129, 0.037258, 0.037388, 0.037518, 0.037648, 0.037779, 0.03791, 0.038041, 0.038172, 0.038304, 0.038436, 0.038568, 0.038701, 0.038834, 0.038967, 0.039101, 0.039234, 0.039369, 0.039503, 0.039638, 0.039773, 0.039908, 0.040044, 0.04018, 0.040316, 0.040452, 0.040589, 0.040726, 0.040864, 0.041001, 0.041139, 0.041278, 0.041416, 0.041555, 0.041695, 0.041834, 0.041974, 0.042114, 0.042255, 0.042395, 0.042536, 0.042678, 0.04282, 0.042962, 0.043104, 0.043246, 0.043389, 0.043533, 0.043676, 0.04382, 0.043964, 0.044109, 0.044253, 0.044398, 0.044544, 0.04469, 0.044836, 0.044982, 0.045129, 0.045275, 0.045423, 0.04557, 0.045718, 0.045866, 0.046015, 0.046164, 0.046313, 0.046462, 0.046612, 0.046762, 0.046912, 0.047063, 0.047214, 0.047365, 0.047517, 0.047669, 0.047821, 0.047974, 0.048127, 0.04828, 0.048434, 0.048587, 0.048742, 0.048896, 0.049051, 0.049206, 0.049361, 0.049517, 0.049673, 0.04983, 0.049986, 0.050143, 0.050301, 0.050458, 0.050616, 0.050775, 0.050933, 0.051092, 0.051252, 0.051411, 0.051571, 0.051731, 0.051892, 0.052053, 0.052214, 0.052376, 0.052537, 0.0527, 0.052862, 0.053025, 0.053188, 0.053352, 0.053515, 0.05368, 0.053844, 0.054009, 0.054174, 0.054339, 0.054505, 0.054671, 0.054838, 0.055004, 0.055171, 0.055339, 0.055507, 0.055675, 0.055843, 0.056012, 0.056181, 0.05635, 0.05652, 0.05669, 0.05686, 0.057031, 0.057202, 0.057373, 0.057545, 0.057717, 0.057889, 0.058062, 0.058235, 0.058408, 0.058582, 0.058756, 0.05893, 0.059105, 0.05928, 0.059455, 0.059631, 0.059807, 0.059983, 0.06016, 0.060337, 0.060514, 0.060692, 0.06087, 0.061048, 0.061227, 0.061406, 0.061585, 0.061765, 0.061945, 0.062125, 0.062306, 0.062487, 0.062669, 0.06285, 0.063032, 0.063215, 0.063398, 0.063581, 0.063764, 0.063948, 0.064132, 0.064316, 0.064501, 0.064686, 0.064872, 0.065057, 0.065243, 0.06543, 0.065617, 0.065804, 0.065991, 0.066179, 0.066367, 0.066556, 0.066745, 0.066934, 0.067124, 0.067313, 0.067504, 0.067694, 0.067885, 0.068077, 0.068268, 0.06846, 0.068652, 0.068845, 0.069038, 0.069231, 0.069425, 0.069619, 0.069813, 0.070008, 0.070203, 0.070399, 0.070594, 0.070791, 0.070987, 0.071184, 0.071381, 0.071578, 0.071776, 0.071975, 0.072173, 0.072372, 0.072571, 0.072771, 0.072971, 0.073171, 0.073372, 0.073573, 0.073774, 0.073976, 0.074178, 0.07438, 0.074583, 0.074786, 0.074989, 0.075193, 0.075397, 0.075602, 0.075807, 0.076012, 0.076217, 0.076423, 0.07663, 0.076836, 0.077043, 0.077251, 0.077458, 0.077666, 0.077875, 0.078083, 0.078292, 0.078502, 0.078712, 0.078922, 0.079132, 0.079343, 0.079554, 0.079766, 0.079978, 0.08019, 0.080403, 0.080616, 0.080829, 0.081043, 0.081257, 0.081471, 0.081686, 0.081901, 0.082117, 0.082333, 0.082549, 0.082766, 0.082982, 0.0832, 0.083417, 0.083635, 0.083854, 0.084073, 0.084292, 0.084511, 0.084731, 0.084951, 0.085172, 0.085392, 0.085614, 0.085835, 0.086057, 0.08628, 0.086502, 0.086725, 0.086949, 0.087173, 0.087397, 0.087621, 0.087846, 0.088071, 0.088297, 0.088523, 0.088749, 0.088976, 0.089203, 0.08943, 0.089658, 0.089886, 0.090115, 0.090343, 0.090573, 0.090802, 0.091032, 0.091262, 0.091493, 0.091724, 0.091955, 0.092187, 0.092419, 0.092652, 0.092885, 0.093118, 0.093352, 0.093585, 0.09382, 0.094054, 0.09429, 0.094525, 0.094761, 0.094997, 0.095233, 0.09547, 0.095707, 0.095945, 0.096183, 0.096421, 0.09666, 0.096899, 0.097139, 0.097379, 0.097619, 0.097859, 0.0981, 0.098341, 0.098583, 0.098825, 0.099068, 0.09931, 0.099553, 0.099797, 0.10004, 0.10029, 0.10053, 0.10077, 0.10102, 0.10127, 0.10151, 0.10176, 0.10201, 0.10225, 0.1025, 0.10275, 0.103, 0.10324, 0.10349, 0.10374, 0.10399, 0.10424, 0.10449, 0.10474, 0.105, 0.10525, 0.1055, 0.10575, 0.106, 0.10626, 0.10651, 0.10677, 0.10702, 0.10727, 0.10753, 0.10778, 0.10804, 0.1083, 0.10855, 0.10881, 0.10907, 0.10932, 0.10958, 0.10984, 0.1101, 0.11036, 0.11062, 0.11088, 0.11114, 0.1114, 0.11166, 0.11192, 0.11218, 0.11244, 0.11271, 0.11297, 0.11323, 0.1135, 0.11376, 0.11403, 0.11429, 0.11456, 0.11482, 0.11509, 0.11535, 0.11562, 0.11589, 0.11615, 0.11642, 0.11669, 0.11696, 0.11723, 0.1175, 0.11777, 0.11804, 0.11831, 0.11858, 0.11885, 0.11912, 0.11939, 0.11966, 0.11994, 0.12021, 0.12048, 0.12076, 0.12103, 0.1213, 0.12158, 0.12185, 0.12213, 0.12241, 0.12268, 0.12296, 0.12324, 0.12351, 0.12379, 0.12407, 0.12435, 0.12463, 0.12491, 0.12519, 0.12547, 0.12575, 0.12603, 0.12631, 0.12659, 0.12687, 0.12715, 0.12744, 0.12772, 0.128, 0.12829, 0.12857, 0.12886, 0.12914, 0.12943, 0.12971, 0.13, 0.13029, 0.13057, 0.13086, 0.13115, 0.13144, 0.13172, 0.13201, 0.1323, 0.13259, 0.13288, 0.13317, 0.13346, 0.13375, 0.13404, 0.13434, 0.13463, 0.13492, 0.13521, 0.13551, 0.1358, 0.1361, 0.13639, 0.13668, 0.13698, 0.13728, 0.13757, 0.13787, 0.13816, 0.13846, 0.13876, 0.13906, 0.13935, 0.13965, 0.13995, 0.14025, 0.14055, 0.14085, 0.14115, 0.14145, 0.14175, 0.14206, 0.14236, 0.14266, 0.14296, 0.14327, 0.14357, 0.14387, 0.14418, 0.14448, 0.14479, 0.14509, 0.1454, 0.1457, 0.14601, 0.14632, 0.14663, 0.14693, 0.14724, 0.14755, 0.14786, 0.14817, 0.14848, 0.14879, 0.1491, 0.14941, 0.14972, 0.15003, 0.15034, 0.15065, 0.15097, 0.15128, 0.15159, 0.15191, 0.15222, 0.15254, 0.15285, 0.15316, 0.15348, 0.1538, 0.15411, 0.15443, 0.15475, 0.15506, 0.15538, 0.1557, 0.15602, 0.15634, 0.15666, 0.15698, 0.1573, 0.15762, 0.15794, 0.15826, 0.15858, 0.1589, 0.15922, 0.15955, 0.15987, 0.16019, 0.16052, 0.16084, 0.16117, 0.16149, 0.16182, 0.16214, 0.16247, 0.16279, 0.16312, 0.16345, 0.16378, 0.1641, 0.16443, 0.16476, 0.16509, 0.16542, 0.16575, 0.16608, 0.16641, 0.16674, 0.16707, 0.1674, 0.16774, 0.16807, 0.1684, 0.16873, 0.16907, 0.1694, 0.16974, 0.17007, 0.17041, 0.17074, 0.17108, 0.17141, 0.17175, 0.17209, 0.17242, 0.17276, 0.1731, 0.17344, 0.17378, 0.17411, 0.17445, 0.17479, 0.17513, 0.17547, 0.17582, 0.17616, 0.1765, 0.17684, 0.17718, 0.17753, 0.17787, 0.17821, 0.17856, 0.1789, 0.17925, 0.17959, 0.17994, 0.18028, 0.18063, 0.18097, 0.18132, 0.18167, 0.18202, 0.18236, 0.18271, 0.18306, 0.18341, 0.18376, 0.18411, 0.18446, 0.18481, 0.18516, 0.18551, 0.18586, 0.18621, 0.18657, 0.18692, 0.18727, 0.18763, 0.18798, 0.18833, 0.18869, 0.18904, 0.1894, 0.18975, 0.19011, 0.19047, 0.19082, 0.19118, 0.19154, 0.19189, 0.19225, 0.19261, 0.19297, 0.19333, 0.19369, 0.19405, 0.19441, 0.19477, 0.19513, 0.19549, 0.19585, 0.19622, 0.19658, 0.19694, 0.1973, 0.19767, 0.19803, 0.19839, 0.19876, 0.19912, 0.19949, 0.19986, 0.20022, 0.20059, 0.20095, 0.20132, 0.20169, 0.20206, 0.20242, 0.20279, 0.20316, 0.20353, 0.2039, 0.20427, 0.20464, 0.20501, 0.20538, 0.20575, 0.20613, 0.2065, 0.20687, 0.20724, 0.20762, 0.20799, 0.20836, 0.20874, 0.20911, 0.20949, 0.20986, 0.21024, 0.21061, 0.21099, 0.21137, 0.21174, 0.21212, 0.2125, 0.21288, 0.21325, 0.21363, 0.21401, 0.21439, 0.21477, 0.21515, 0.21553, 0.21591, 0.21629, 0.21667, 0.21706, 0.21744, 0.21782, 0.2182, 0.21859, 0.21897, 0.21935, 0.21974, 0.22012, 0.22051, 0.22089, 0.22128, 0.22166, 0.22205, 0.22244, 0.22282, 0.22321, 0.2236, 0.22399, 0.22437, 0.22476, 0.22515, 0.22554, 0.22593, 0.22632, 0.22671, 0.2271, 0.22749, 0.22788, 0.22828, 0.22867, 0.22906, 0.22945, 0.22985, 0.23024, 0.23063, 0.23103, 0.23142, 0.23182, 0.23221, 0.23261, 0.233, 0.2334, 0.23379, 0.23419, 0.23459, 0.23499, 0.23538, 0.23578, 0.23618, 0.23658, 0.23698, 0.23738, 0.23778, 0.23818, 0.23858, 0.23898, 0.23938, 0.23978, 0.24018, 0.24058, 0.24098, 0.24139, 0.24179, 0.24219, 0.2426, 0.243, 0.2434, 0.24381, 0.24421, 0.24462, 0.24502, 0.24543, 0.24584, 0.24624, 0.24665, 0.24706, 0.24746, 0.24787, 0.24828, 0.24869, 0.2491, 0.24951, 0.24991, 0.25032, 0.25073, 0.25114, 0.25155, 0.25197, 0.25238, 0.25279, 0.2532, 0.25361, 0.25402, 0.25444, 0.25485, 0.25526, 0.25568, 0.25609, 0.25651, 0.25692, 0.25733, 0.25775, 0.25817, 0.25858, 0.259, 0.25941, 0.25983, 0.26025, 0.26066, 0.26108, 0.2615, 0.26192, 0.26234, 0.26276, 0.26317, 0.26359, 0.26401, 0.26443, 0.26485, 0.26527, 0.2657, 0.26612, 0.26654, 0.26696, 0.26738, 0.26781, 0.26823, 0.26865, 0.26907, 0.2695, 0.26992, 0.27035, 0.27077, 0.2712, 0.27162, 0.27205, 0.27247, 0.2729, 0.27332, 0.27375, 0.27418, 0.2746, 0.27503, 0.27546, 0.27589, 0.27631, 0.27674, 0.27717, 0.2776, 0.27803, 0.27846, 0.27889, 0.27932, 0.27975, 0.28018, 0.28061, 0.28104, 0.28148, 0.28191, 0.28234, 0.28277, 0.28321, 0.28364, 0.28407, 0.28451, 0.28494, 0.28537, 0.28581, 0.28624, 0.28668, 0.28711, 0.28755, 0.28798, 0.28842, 0.28886, 0.28929, 0.28973, 0.29017, 0.2906, 0.29104, 0.29148, 0.29192, 0.29236, 0.2928, 0.29323, 0.29367, 0.29411, 0.29455, 0.29499, 0.29543, 0.29587, 0.29631, 0.29676, 0.2972, 0.29764, 0.29808, 0.29852, 0.29897, 0.29941, 0.29985, 0.30029, 0.30074, 0.30118, 0.30162, 0.30207, 0.30251, 0.30296, 0.3034, 0.30385, 0.30429, 0.30474, 0.30519, 0.30563, 0.30608, 0.30652, 0.30697, 0.30742, 0.30787, 0.30831, 0.30876, 0.30921, 0.30966, 0.31011, 0.31056, 0.311, 0.31145, 0.3119, 0.31235, 0.3128, 0.31325, 0.3137, 0.31416, 0.31461, 0.31506, 0.31551, 0.31596, 0.31641, 0.31686, 0.31732, 0.31777, 0.31822, 0.31868, 0.31913, 0.31958, 0.32004, 0.32049, 0.32094, 0.3214, 0.32185, 0.32231, 0.32276, 0.32322, 0.32367, 0.32413, 0.32459, 0.32504, 0.3255, 0.32596, 0.32641, 0.32687, 0.32733, 0.32778, 0.32824, 0.3287, 0.32916, 0.32962, 0.33008, 0.33053, 0.33099, 0.33145, 0.33191, 0.33237, 0.33283, 0.33329, 0.33375, 0.33421, 0.33467, 0.33513, 0.33559, 0.33606, 0.33652, 0.33698, 0.33744, 0.3379, 0.33837, 0.33883, 0.33929, 0.33975, 0.34022, 0.34068, 0.34114, 0.34161, 0.34207, 0.34253, 0.343, 0.34346, 0.34393, 0.34439, 0.34486, 0.34532, 0.34579, 0.34625, 0.34672, 0.34718, 0.34765, 0.34812, 0.34858, 0.34905, 0.34952, 0.34998, 0.35045, 0.35092, 0.35139, 0.35185, 0.35232, 0.35279, 0.35326, 0.35373, 0.35419, 0.35466, 0.35513, 0.3556, 0.35607, 0.35654, 0.35701, 0.35748, 0.35795, 0.35842, 0.35889, 0.35936, 0.35983, 0.3603, 0.36077, 0.36124, 0.36171, 0.36219, 0.36266, 0.36313, 0.3636, 0.36407, 0.36454, 0.36502, 0.36549, 0.36596, 0.36643, 0.36691, 0.36738, 0.36785, 0.36833, 0.3688, 0.36927, 0.36975, 0.37022, 0.3707, 0.37117, 0.37164, 0.37212, 0.37259, 0.37307, 0.37354, 0.37402, 0.37449, 0.37497, 0.37544, 0.37592, 0.37639, 0.37687, 0.37735, 0.37782, 0.3783, 0.37877, 0.37925, 0.37973, 0.3802, 0.38068, 0.38116, 0.38163, 0.38211, 0.38259, 0.38307, 0.38354, 0.38402, 0.3845, 0.38498, 0.38546, 0.38593, 0.38641, 0.38689, 0.38737, 0.38785, 0.38833, 0.3888, 0.38928, 0.38976, 0.39024, 0.39072, 0.3912, 0.39168, 0.39216, 0.39264, 0.39312, 0.3936, 0.39408, 0.39456, 0.39504, 0.39552, 0.396, 0.39648, 0.39696, 0.39744, 0.39792, 0.3984, 0.39888, 0.39936, 0.39984, 0.40032, 0.4008, 0.40129, 0.40177, 0.40225, 0.40273, 0.40321, 0.40369, 0.40417, 0.40466, 0.40514, 0.40562, 0.4061, 0.40658, 0.40707, 0.40755, 0.40803, 0.40851, 0.40899, 0.40948, 0.40996, 0.41044, 0.41092, 0.41141, 0.41189, 0.41237, 0.41286, 0.41334, 0.41382, 0.4143, 0.41479, 0.41527, 0.41575, 0.41624, 0.41672, 0.4172, 0.41769, 0.41817, 0.41865, 0.41914, 0.41962, 0.4201, 0.42059, 0.42107, 0.42156, 0.42204, 0.42252, 0.42301, 0.42349, 0.42397, 0.42446, 0.42494, 0.42543, 0.42591, 0.42639, 0.42688, 0.42736, 0.42785, 0.42833, 0.42882, 0.4293, 0.42978, 0.43027, 0.43075, 0.43124, 0.43172, 0.4322, 0.43269, 0.43317, 0.43366, 0.43414, 0.43463, 0.43511, 0.4356, 0.43608, 0.43656, 0.43705, 0.43753, 0.43802, 0.4385, 0.43899, 0.43947, 0.43995, 0.44044, 0.44092, 0.44141, 0.44189, 0.44238, 0.44286, 0.44334, 0.44383, 0.44431, 0.4448, 0.44528, 0.44577, 0.44625, 0.44673, 0.44722, 0.4477, 0.44819, 0.44867, 0.44916, 0.44964, 0.45012, 0.45061, 0.45109, 0.45158, 0.45206, 0.45254, 0.45303, 0.45351, 0.45399, 0.45448, 0.45496, 0.45545, 0.45593, 0.45641, 0.4569, 0.45738, 0.45786, 0.45835, 0.45883, 0.45931, 0.4598, 0.46028, 0.46076, 0.46125, 0.46173, 0.46221, 0.4627, 0.46318, 0.46366, 0.46414, 0.46463, 0.46511, 0.46559, 0.46607, 0.46656, 0.46704, 0.46752, 0.468, 0.46849, 0.46897, 0.46945, 0.46993, 0.47041, 0.4709, 0.47138, 0.47186, 0.47234, 0.47282, 0.4733, 0.47378, 0.47427, 0.47475, 0.47523, 0.47571, 0.47619, 0.47667, 0.47715, 0.47763, 0.47811, 0.47859, 0.47907, 0.47955, 0.48003, 0.48051, 0.48099, 0.48147, 0.48195, 0.48243, 0.48291, 0.48339, 0.48387, 0.48435, 0.48483, 0.48531, 0.48579, 0.48626, 0.48674, 0.48722, 0.4877, 0.48818, 0.48866, 0.48913, 0.48961, 0.49009, 0.49057, 0.49104, 0.49152, 0.492, 0.49248, 0.49295, 0.49343, 0.49391, 0.49438, 0.49486, 0.49533, 0.49581, 0.49629, 0.49676, 0.49724, 0.49771, 0.49819, 0.49866, 0.49914, 0.49961, 0.50009, 0.50056, 0.50104, 0.50151, 0.50198, 0.50246, 0.50293, 0.50341, 0.50388, 0.50435, 0.50482, 0.5053, 0.50577, 0.50624, 0.50672, 0.50719, 0.50766, 0.50813, 0.5086, 0.50907, 0.50955, 0.51002, 0.51049, 0.51096, 0.51143, 0.5119, 0.51237, 0.51284, 0.51331, 0.51378, 0.51425, 0.51472, 0.51519, 0.51565, 0.51612, 0.51659, 0.51706, 0.51753, 0.518, 0.51846, 0.51893, 0.5194, 0.51986, 0.52033, 0.5208, 0.52126, 0.52173, 0.5222, 0.52266, 0.52313, 0.52359, 0.52406, 0.52452, 0.52499, 0.52545, 0.52591, 0.52638, 0.52684, 0.52731, 0.52777, 0.52823, 0.52869, 0.52916, 0.52962, 0.53008, 0.53054, 0.531, 0.53146, 0.53193, 0.53239, 0.53285, 0.53331, 0.53377, 0.53423, 0.53469, 0.53514, 0.5356, 0.53606, 0.53652, 0.53698, 0.53744, 0.53789, 0.53835, 0.53881, 0.53927, 0.53972, 0.54018, 0.54063, 0.54109, 0.54155, 0.542, 0.54246, 0.54291, 0.54336, 0.54382, 0.54427, 0.54473, 0.54518, 0.54563, 0.54608, 0.54654, 0.54699, 0.54744, 0.54789, 0.54834, 0.54879, 0.54924, 0.54969, 0.55014, 0.55059, 0.55104, 0.55149, 0.55194, 0.55239, 0.55284, 0.55328, 0.55373, 0.55418, 0.55463, 0.55507, 0.55552, 0.55596, 0.55641, 0.55685, 0.5573, 0.55774, 0.55819, 0.55863, 0.55908, 0.55952, 0.55996, 0.5604, 0.56085, 0.56129, 0.56173, 0.56217, 0.56261, 0.56305, 0.56349, 0.56393, 0.56437, 0.56481, 0.56525, 0.56569, 0.56613, 0.56656, 0.567, 0.56744, 0.56787, 0.56831, 0.56875, 0.56918, 0.56962, 0.57005, 0.57049, 0.57092, 0.57135, 0.57179, 0.57222, 0.57265, 0.57308, 0.57352, 0.57395, 0.57438, 0.57481, 0.57524, 0.57567, 0.5761, 0.57653, 0.57696, 0.57738, 0.57781, 0.57824, 0.57867, 0.57909, 0.57952, 0.57994, 0.58037, 0.5808, 0.58122, 0.58164, 0.58207, 0.58249, 0.58291, 0.58334, 0.58376, 0.58418, 0.5846, 0.58502, 0.58544, 0.58586, 0.58628, 0.5867, 0.58712, 0.58754, 0.58796, 0.58838, 0.58879, 0.58921, 0.58963, 0.59004, 0.59046, 0.59087, 0.59129, 0.5917, 0.59211, 0.59253, 0.59294, 0.59335, 0.59376, 0.59417, 0.59459, 0.595, 0.59541, 0.59581, 0.59622, 0.59663, 0.59704, 0.59745, 0.59786, 0.59826, 0.59867, 0.59907, 0.59948, 0.59988, 0.60029, 0.60069, 0.6011, 0.6015, 0.6019, 0.6023, 0.6027, 0.60311, 0.60351, 0.60391, 0.60431, 0.6047, 0.6051, 0.6055, 0.6059, 0.6063, 0.60669, 0.60709, 0.60748, 0.60788, 0.60827, 0.60867, 0.60906, 0.60945, 0.60985, 0.61024, 0.61063, 0.61102, 0.61141, 0.6118, 0.61219, 0.61258, 0.61297, 0.61336, 0.61374, 0.61413, 0.61452, 0.6149, 0.61529, 0.61567, 0.61606, 0.61644, 0.61682, 0.61721, 0.61759, 0.61797, 0.61835, 0.61873, 0.61911, 0.61949, 0.61987, 0.62025, 0.62062, 0.621, 0.62138, 0.62175, 0.62213, 0.6225, 0.62288, 0.62325, 0.62362, 0.624, 0.62437, 0.62474, 0.62511, 0.62548, 0.62585, 0.62622, 0.62659, 0.62696, 0.62733, 0.62769, 0.62806, 0.62842, 0.62879, 0.62915, 0.62952, 0.62988, 0.63024, 0.63061, 0.63097, 0.63133, 0.63169, 0.63205, 0.63241, 0.63277, 0.63312, 0.63348, 0.63384, 0.63419, 0.63455, 0.63491, 0.63526, 0.63561, 0.63597, 0.63632, 0.63667, 0.63702, 0.63737, 0.63772, 0.63807, 0.63842, 0.63877, 0.63912, 0.63946, 0.63981, 0.64016, 0.6405, 0.64085, 0.64119, 0.64153, 0.64187, 0.64222, 0.64256, 0.6429, 0.64324, 0.64358, 0.64392, 0.64425, 0.64459, 0.64493, 0.64526, 0.6456, 0.64593, 0.64627, 0.6466, 0.64693, 0.64727, 0.6476, 0.64793, 0.64826, 0.64859, 0.64892, 0.64925, 0.64957, 0.6499, 0.65023, 0.65055, 0.65088, 0.6512, 0.65152, 0.65185, 0.65217, 0.65249, 0.65281, 0.65313, 0.65345, 0.65377, 0.65409, 0.6544, 0.65472, 0.65504, 0.65535, 0.65567, 0.65598, 0.65629, 0.6566, 0.65692, 0.65723, 0.65754, 0.65785, 0.65816, 0.65846, 0.65877, 0.65908, 0.65938, 0.65969, 0.65999, 0.6603, 0.6606, 0.6609, 0.6612, 0.6615, 0.6618, 0.6621, 0.6624, 0.6627, 0.663, 0.66329, 0.66359, 0.66389, 0.66418, 0.66447, 0.66477, 0.66506, 0.66535, 0.66564, 0.66593, 0.66622, 0.66651, 0.6668, 0.66708, 0.66737, 0.66765, 0.66794, 0.66822, 0.66851, 0.66879, 0.66907, 0.66935, 0.66963, 0.66991, 0.67019, 0.67047, 0.67074, 0.67102, 0.6713, 0.67157, 0.67184, 0.67212, 0.67239, 0.67266, 0.67293, 0.6732, 0.67347, 0.67374, 0.67401, 0.67427, 0.67454, 0.67481, 0.67507, 0.67533, 0.6756, 0.67586, 0.67612, 0.67638, 0.67664, 0.6769, 0.67716, 0.67742, 0.67767, 0.67793, 0.67818, 0.67844, 0.67869, 0.67894, 0.6792, 0.67945, 0.6797, 0.67995, 0.68019, 0.68044, 0.68069, 0.68094, 0.68118, 0.68143, 0.68167, 0.68191, 0.68215, 0.68239, 0.68264, 0.68287, 0.68311, 0.68335, 0.68359, 0.68382, 0.68406, 0.68429, 0.68453, 0.68476, 0.68499, 0.68522, 0.68545, 0.68568, 0.68591, 0.68614, 0.68637, 0.68659, 0.68682, 0.68704, 0.68727, 0.68749, 0.68771, 0.68793, 0.68815, 0.68837, 0.68859, 0.68881, 0.68902, 0.68924, 0.68946, 0.68967, 0.68988, 0.69009, 0.69031, 0.69052, 0.69073, 0.69094, 0.69114, 0.69135, 0.69156, 0.69176, 0.69197, 0.69217, 0.69237, 0.69258, 0.69278, 0.69298, 0.69318, 0.69337, 0.69357, 0.69377, 0.69396, 0.69416, 0.69435, 0.69455, 0.69474, 0.69493, 0.69512, 0.69531, 0.6955, 0.69569, 0.69587, 0.69606, 0.69624, 0.69643, 0.69661, 0.69679, 0.69697, 0.69715, 0.69733, 0.69751, 0.69769, 0.69787, 0.69804, 0.69822, 0.69839, 0.69857, 0.69874, 0.69891, 0.69908, 0.69925, 0.69942, 0.69959, 0.69975, 0.69992, 0.70008, 0.70025, 0.70041, 0.70057, 0.70073, 0.70089, 0.70105, 0.70121, 0.70137, 0.70153, 0.70168, 0.70184, 0.70199, 0.70214, 0.70229, 0.70244, 0.70259, 0.70274, 0.70289, 0.70304, 0.70319, 0.70333, 0.70347, 0.70362, 0.70376, 0.7039, 0.70404, 0.70418, 0.70432, 0.70446, 0.7046, 0.70473, 0.70487, 0.705, 0.70513, 0.70526, 0.7054, 0.70553, 0.70565, 0.70578, 0.70591, 0.70604, 0.70616, 0.70629, 0.70641, 0.70653, 0.70665, 0.70677, 0.70689, 0.70701, 0.70713, 0.70724, 0.70736, 0.70747, 0.70759, 0.7077, 0.70781, 0.70792, 0.70803, 0.70814, 0.70825, 0.70836, 0.70846, 0.70857, 0.70867, 0.70877, 0.70888, 0.70898, 0.70908, 0.70917, 0.70927, 0.70937, 0.70947, 0.70956, 0.70965, 0.70975, 0.70984, 0.70993, 0.71002, 0.71011, 0.7102, 0.71028, 0.71037, 0.71045, 0.71054, 0.71062, 0.7107, 0.71078, 0.71086, 0.71094, 0.71102, 0.7111, 0.71117, 0.71125, 0.71132, 0.7114, 0.71147, 0.71154, 0.71161, 0.71168, 0.71175, 0.71181, 0.71188, 0.71194, 0.71201, 0.71207, 0.71213, 0.71219, 0.71225, 0.71231, 0.71237, 0.71243, 0.71248, 0.71254, 0.71259, 0.71264, 0.7127, 0.71275, 0.7128, 0.71285, 0.71289, 0.71294, 0.71299, 0.71303, 0.71307, 0.71312, 0.71316, 0.7132, 0.71324, 0.71328, 0.71331, 0.71335, 0.71338, 0.71342, 0.71345, 0.71348, 0.71352, 0.71355, 0.71358, 0.7136, 0.71363, 0.71366, 0.71368, 0.71371, 0.71373, 0.71375, 0.71377, 0.71379, 0.71381, 0.71383, 0.71384, 0.71386, 0.71388, 0.71389, 0.7139, 0.71391, 0.71392, 0.71393, 0.71394, 0.71395, 0.71396, 0.71396, 0.71397, 0.71397, 0.71397, 0.71397, 0.71397, 0.71397, 0.71397, 0.71397, 0.71396, 0.71396, 0.71395, 0.71394, 0.71394, 0.71393, 0.71392, 0.7139, 0.71389, 0.71388, 0.71386, 0.71385, 0.71383, 0.71381, 0.7138, 0.71378, 0.71376, 0.71373, 0.71371, 0.71369, 0.71366, 0.71364, 0.71361, 0.71358, 0.71355, 0.71352, 0.71349, 0.71346, 0.71342, 0.71339, 0.71335, 0.71332, 0.71328, 0.71324, 0.7132, 0.71316, 0.71312, 0.71308, 0.71303, 0.71299, 0.71294, 0.7129, 0.71285, 0.7128, 0.71275, 0.7127, 0.71264, 0.71259, 0.71254, 0.71248, 0.71242, 0.71237, 0.71231, 0.71225, 0.71219, 0.71213, 0.71206, 0.712, 0.71193, 0.71187, 0.7118, 0.71173, 0.71166, 0.71159, 0.71152, 0.71145, 0.71138, 0.7113, 0.71123, 0.71115, 0.71107, 0.71099, 0.71091, 0.71083, 0.71075, 0.71067, 0.71058, 0.7105, 0.71041, 0.71033, 0.71024, 0.71015, 0.71006, 0.70997, 0.70987, 0.70978, 0.70969, 0.70959, 0.70949, 0.7094, 0.7093, 0.7092, 0.7091, 0.709, 0.70889, 0.70879, 0.70868, 0.70858, 0.70847, 0.70836, 0.70825, 0.70814, 0.70803, 0.70792, 0.70781, 0.70769, 0.70758, 0.70746, 0.70734, 0.70722, 0.7071, 0.70698, 0.70686, 0.70674, 0.70661, 0.70649, 0.70636, 0.70624, 0.70611, 0.70598, 0.70585, 0.70572, 0.70558, 0.70545, 0.70532, 0.70518, 0.70504, 0.70491, 0.70477, 0.70463, 0.70449, 0.70435, 0.7042, 0.70406, 0.70392, 0.70377, 0.70362, 0.70347, 0.70333, 0.70318, 0.70302, 0.70287, 0.70272, 0.70256, 0.70241, 0.70225, 0.7021, 0.70194, 0.70178, 0.70162, 0.70146, 0.70129, 0.70113, 0.70097, 0.7008, 0.70063, 0.70047, 0.7003, 0.70013, 0.69996, 0.69979, 0.69961, 0.69944, 0.69926, 0.69909, 0.69891, 0.69873, 0.69855, 0.69837, 0.69819, 0.69801, 0.69783, 0.69764, 0.69746, 0.69727, 0.69709, 0.6969, 0.69671, 0.69652, 0.69633, 0.69613, 0.69594, 0.69575, 0.69555, 0.69536, 0.69516, 0.69496, 0.69476, 0.69456, 0.69436, 0.69416, 0.69395, 0.69375, 0.69354, 0.69334, 0.69313, 0.69292, 0.69271, 0.6925, 0.69229, 0.69208, 0.69186, 0.69165, 0.69143, 0.69122, 0.691, 0.69078, 0.69056, 0.69034, 0.69012, 0.6899, 0.68967, 0.68945, 0.68922, 0.689, 0.68877, 0.68854, 0.68831, 0.68808, 0.68785, 0.68762, 0.68739, 0.68715, 0.68692, 0.68668, 0.68644, 0.6862, 0.68596, 0.68572, 0.68548, 0.68524, 0.685, 0.68475, 0.68451, 0.68426, 0.68402, 0.68377, 0.68352, 0.68327, 0.68302, 0.68277, 0.68251, 0.68226, 0.68201, 0.68175, 0.68149, 0.68124, 0.68098, 0.68072, 0.68046, 0.6802, 0.67993, 0.67967, 0.67941, 0.67914, 0.67887, 0.67861, 0.67834, 0.67807, 0.6778, 0.67753, 0.67726, 0.67698, 0.67671, 0.67644, 0.67616, 0.67588, 0.67561, 0.67533, 0.67505, 0.67477, 0.67449, 0.67421, 0.67392, 0.67364, 0.67335, 0.67307, 0.67278, 0.67249, 0.67221, 0.67192, 0.67163, 0.67133, 0.67104, 0.67075, 0.67045, 0.67016, 0.66986, 0.66957, 0.66927, 0.66897, 0.66867, 0.66837, 0.66807, 0.66777, 0.66746, 0.66716, 0.66686, 0.66655, 0.66624, 0.66594, 0.66563, 0.66532, 0.66501, 0.6647, 0.66438, 0.66407, 0.66376, 0.66344, 0.66313, 0.66281, 0.66249, 0.66218, 0.66186, 0.66154, 0.66122, 0.66089, 0.66057, 0.66025, 0.65992, 0.6596, 0.65927, 0.65895, 0.65862, 0.65829, 0.65796, 0.65763, 0.6573, 0.65697, 0.65664, 0.6563, 0.65597, 0.65563, 0.6553, 0.65496, 0.65462, 0.65428, 0.65394, 0.6536, 0.65326, 0.65292, 0.65258, 0.65223, 0.65189, 0.65155, 0.6512, 0.65085, 0.6505, 0.65016, 0.64981, 0.64946, 0.64911, 0.64875, 0.6484, 0.64805, 0.64769, 0.64734, 0.64698, 0.64663, 0.64627, 0.64591, 0.64555, 0.64519, 0.64483, 0.64447, 0.64411, 0.64375, 0.64338, 0.64302, 0.64266, 0.64229, 0.64192, 0.64156, 0.64119, 0.64082, 0.64045, 0.64008, 0.63971, 0.63933, 0.63896, 0.63859, 0.63821, 0.63784, 0.63746, 0.63709, 0.63671, 0.63633, 0.63595, 0.63557, 0.63519, 0.63481, 0.63443, 0.63405, 0.63367, 0.63328, 0.6329, 0.63251, 0.63213, 0.63174, 0.63135, 0.63097, 0.63058, 0.63019, 0.6298, 0.62941, 0.62901, 0.62862, 0.62823, 0.62784, 0.62744, 0.62705, 0.62665, 0.62625, 0.62586, 0.62546, 0.62506, 0.62466, 0.62426, 0.62386, 0.62346, 0.62306, 0.62266, 0.62225, 0.62185, 0.62144, 0.62104, 0.62063, 0.62023, 0.61982, 0.61941, 0.619, 0.61859, 0.61818, 0.61777, 0.61736, 0.61695, 0.61654, 0.61613, 0.61571, 0.6153, 0.61488, 0.61447, 0.61405, 0.61364, 0.61322, 0.6128, 0.61238, 0.61196, 0.61154, 0.61112, 0.6107, 0.61028, 0.60986, 0.60944, 0.60901, 0.60859, 0.60817, 0.60774, 0.60732, 0.60689, 0.60646, 0.60604, 0.60561, 0.60518, 0.60475, 0.60432, 0.60389, 0.60346, 0.60303, 0.6026, 0.60217, 0.60173, 0.6013, 0.60087, 0.60043, 0.6, 0.59956, 0.59913, 0.59869, 0.59825, 0.59781, 0.59738, 0.59694, 0.5965, 0.59606, 0.59562, 0.59518, 0.59474, 0.5943, 0.59385, 0.59341, 0.59297, 0.59252, 0.59208, 0.59163, 0.59119, 0.59074, 0.5903, 0.58985, 0.5894, 0.58896, 0.58851, 0.58806, 0.58761, 0.58716, 0.58671, 0.58626, 0.58581, 0.58536, 0.58491, 0.58446, 0.584, 0.58355, 0.5831, 0.58264, 0.58219, 0.58174, 0.58128, 0.58083, 0.58037, 0.57991, 0.57946, 0.579, 0.57854, 0.57808, 0.57763, 0.57717, 0.57671, 0.57625, 0.57579, 0.57533, 0.57487, 0.57441, 0.57395, 0.57348, 0.57302, 0.57256, 0.5721, 0.57163, 0.57117, 0.57071, 0.57024, 0.56978, 0.56931, 0.56885, 0.56838, 0.56791, 0.56745, 0.56698, 0.56651, 0.56605, 0.56558, 0.56511, 0.56464, 0.56417, 0.5637, 0.56324, 0.56277, 0.5623, 0.56183, 0.56136, 0.56088, 0.56041, 0.55994, 0.55947, 0.559, 0.55853, 0.55805, 0.55758, 0.55711, 0.55664, 0.55616, 0.55569, 0.55521, 0.55474, 0.55426, 0.55379, 0.55332, 0.55284, 0.55236, 0.55189, 0.55141, 0.55094, 0.55046, 0.54998, 0.54951, 0.54903, 0.54855, 0.54807, 0.5476, 0.54712, 0.54664, 0.54616, 0.54568, 0.5452, 0.54473, 0.54425, 0.54377, 0.54329, 0.54281, 0.54233, 0.54185, 0.54137, 0.54089, 0.54041, 0.53993, 0.53945, 0.53896, 0.53848, 0.538, 0.53752, 0.53704, 0.53656, 0.53608, 0.53559, 0.53511, 0.53463, 0.53415, 0.53366, 0.53318, 0.5327, 0.53222, 0.53173, 0.53125, 0.53077, 0.53028, 0.5298, 0.52932, 0.52883, 0.52835, 0.52787, 0.52738, 0.5269, 0.52642, 0.52593, 0.52545, 0.52497, 0.52448, 0.524, 0.52351, 0.52303, 0.52254, 0.52206, 0.52158, 0.52109, 0.52061, 0.52012, 0.51964, 0.51915, 0.51867, 0.51819, 0.5177, 0.51722, 0.51673, 0.51625, 0.51576, 0.51528, 0.5148, 0.51431, 0.51383, 0.51334, 0.51286, 0.51237, 0.51189, 0.51141, 0.51092, 0.51044, 0.50995, 0.50947, 0.50899, 0.5085, 0.50802, 0.50753, 0.50705, 0.50657, 0.50608, 0.5056, 0.50512, 0.50463, 0.50415, 0.50367, 0.50318, 0.5027, 0.50222, 0.50174, 0.50125, 0.50077, 0.50029, 0.49981, 0.49932, 0.49884, 0.49836, 0.49788, 0.4974, 0.49692, 0.49643, 0.49595, 0.49547, 0.49499, 0.49451, 0.49403, 0.49355, 0.49307, 0.49259, 0.49211, 0.49163, 0.49115, 0.49067, 0.49019, 0.48971, 0.48924, 0.48876, 0.48828, 0.4878, 0.48732, 0.48684, 0.48637, 0.48589, 0.48541, 0.48494, 0.48446, 0.48398, 0.48351, 0.48303, 0.48256, 0.48208, 0.48161, 0.48113, 0.48066, 0.48018, 0.47971, 0.47923, 0.47876, 0.47829, 0.47781, 0.47734, 0.47687, 0.4764, 0.47593, 0.47545, 0.47498, 0.47451, 0.47404, 0.47357, 0.4731, 0.47263, 0.47216, 0.47169, 0.47122, 0.47076, 0.47029, 0.46982, 0.46935, 0.46889, 0.46842, 0.46795, 0.46749, 0.46702, 0.46656, 0.46609, 0.46563, 0.46516, 0.4647, 0.46424, 0.46377, 0.46331, 0.46285, 0.46239, 0.46193, 0.46147, 0.461, 0.46054, 0.46009, 0.45963, 0.45917, 0.45871, 0.45825, 0.45779, 0.45734, 0.45688, 0.45642, 0.45597, 0.45551, 0.45506, 0.4546, 0.45415, 0.45369, 0.45324, 0.45279, 0.45234, 0.45189, 0.45143, 0.45098, 0.45053, 0.45008, 0.44963, 0.44919, 0.44874, 0.44829, 0.44784, 0.4474, 0.44695, 0.4465, 0.44606, 0.44562, 0.44517, 0.44473, 0.44428, 0.44384, 0.4434, 0.44296, 0.44252, 0.44208, 0.44164, 0.4412, 0.44076, 0.44032, 0.43989, 0.43945, 0.43901, 0.43858, 0.43814, 0.43771, 0.43727, 0.43684, 0.43641, 0.43597, 0.43554, 0.43511, 0.43468, 0.43425, 0.43382, 0.4334, 0.43297, 0.43254, 0.43211, 0.43169, 0.43126, 0.43084, 0.43041, 0.42999, 0.42957, 0.42915, 0.42872, 0.4283, 0.42788, 0.42746, 0.42705, 0.42663, 0.42621, 0.42579, 0.42538, 0.42496, 0.42455, 0.42413, 0.42372, 0.42331, 0.4229, 0.42249, 0.42208, 0.42167, 0.42126, 0.42085, 0.42044, 0.42004, 0.41963, 0.41922, 0.41882, 0.41842, 0.41801, 0.41761, 0.41721, 0.41681, 0.41641, 0.41601, 0.41561, 0.41521, 0.41482, 0.41442, 0.41403, 0.41363, 0.41324, 0.41285, 0.41245, 0.41206, 0.41167, 0.41128, 0.41089, 0.41051, 0.41012, 0.40973, 0.40935, 0.40896, 0.40858, 0.40819, 0.40781, 0.40743, 0.40705, 0.40667, 0.40629, 0.40591, 0.40554, 0.40516, 0.40478, 0.40441, 0.40404, 0.40366, 0.40329, 0.40292, 0.40255, 0.40218, 0.40181, 0.40144, 0.40108, 0.40071, 0.40035, 0.39998, 0.39962, 0.39926, 0.3989, 0.39854, 0.39818, 0.39782, 0.39746, 0.3971, 0.39675, 0.39639, 0.39604, 0.39569, 0.39534, 0.39498, 0.39463, 0.39429, 0.39394, 0.39359, 0.39324, 0.3929, 0.39255, 0.39221, 0.39187, 0.39153, 0.39119, 0.39085, 0.39051, 0.39017, 0.38984, 0.3895, 0.38917, 0.38883, 0.3885, 0.38817, 0.38784, 0.38751, 0.38718, 0.38685, 0.38653, 0.3862, 0.38588, 0.38555, 0.38523, 0.38491, 0.38459, 0.38427, 0.38395, 0.38364, 0.38332, 0.383, 0.38269, 0.38238, 0.38207, 0.38176, 0.38145, 0.38114, 0.38083, 0.38052, 0.38022, 0.37991, 0.37961, 0.37931, 0.37901, 0.37871, 0.37841, 0.37811, 0.37782, 0.37752, 0.37723, 0.37693, 0.37664, 0.37635, 0.37606, 0.37577, 0.37548, 0.3752, 0.37491, 0.37463, 0.37434, 0.37406, 0.37378, 0.3735, 0.37322, 0.37294, 0.37267, 0.37239, 0.37212, 0.37185, 0.37157, 0.3713, 0.37104, 0.37077, 0.3705, 0.37023, 0.36997, 0.36971, 0.36944, 0.36918, 0.36892, 0.36866, 0.36841, 0.36815, 0.36789, 0.36764, 0.36739, 0.36714, 0.36689, 0.36664, 0.36639, 0.36614, 0.3659, 0.36565, 0.36541, 0.36517, 0.36493, 0.36469, 0.36445, 0.36421, 0.36398, 0.36374, 0.36351, 0.36328, 0.36305, 0.36282, 0.36259, 0.36236, 0.36214, 0.36191, 0.36169, 0.36147, 0.36125, 0.36103, 0.36081, 0.36059, 0.36038, 0.36016, 0.35995, 0.35974, 0.35953, 0.35932, 0.35911, 0.3589, 0.3587, 0.35849, 0.35829, 0.35809, 0.35789, 0.35769, 0.35749, 0.35729, 0.3571, 0.35691, 0.35671, 0.35652, 0.35633, 0.35614, 0.35596, 0.35577, 0.35559, 0.3554, 0.35522, 0.35504, 0.35486, 0.35468, 0.35451, 0.35433, 0.35416, 0.35398, 0.35381, 0.35364, 0.35348, 0.35331, 0.35314, 0.35298, 0.35281, 0.35265, 0.35249, 0.35233, 0.35217, 0.35202, 0.35186, 0.35171, 0.35156, 0.35141, 0.35126, 0.35111, 0.35096, 0.35082, 0.35067, 0.35053, 0.35039, 0.35025, 0.35011, 0.34997, 0.34984, 0.3497, 0.34957, 0.34944, 0.34931, 0.34918, 0.34905, 0.34892, 0.3488, 0.34868, 0.34855, 0.34843, 0.34831, 0.3482, 0.34808, 0.34797, 0.34785, 0.34774, 0.34763, 0.34752, 0.34741, 0.3473, 0.3472, 0.3471, 0.34699, 0.34689, 0.34679, 0.3467, 0.3466, 0.3465, 0.34641, 0.34632, 0.34623, 0.34614, 0.34605, 0.34596, 0.34588, 0.34579, 0.34571, 0.34563, 0.34555, 0.34547, 0.3454, 0.34532, 0.34525, 0.34518, 0.3451, 0.34504, 0.34497, 0.3449, 0.34484, 0.34477, 0.34471, 0.34465, 0.34459, 0.34453, 0.34448, 0.34442, 0.34437, 0.34432, 0.34426, 0.34422, 0.34417, 0.34412, 0.34408, 0.34403, 0.34399, 0.34395, 0.34391, 0.34388, 0.34384, 0.3438, 0.34377, 0.34374, 0.34371, 0.34368, 0.34365, 0.34363, 0.3436, 0.34358, 0.34356, 0.34354, 0.34352, 0.3435, 0.34349, 0.34348, 0.34346, 0.34345, 0.34344, 0.34343, 0.34343, 0.34342, 0.34342, 0.34342, 0.34342}; 
